18

2
i am jalal
he is Hasan
1    2
2  1


3
L
P
M
1 2   3
1 3 2
2   3 1
2 1 3
1  3 2
2 3  1

6
A
B
C
D
E
F
2 1     6 5 3 4
6 3 2 5 4 1
5   2 6 1 3 4
3 6 1    5 2 4
1  2   4 6   3 5
3 2 5   6 1 4
5 6 2 4 3 1
5 3   1 4 2   6
2 4 5 6   3 1
2   5   3 4 6 1

4
jalal
hasan
bijon
saiket
1 2 3 4
3 1 2 4
1 2      3 4
2 1  3 4
3 1 2 4
4 3        1 3

3
John Doe
Jane Smith
Sirhan Sirhan
1 2 3
2 1 3
2 3 1
1 2 3
3 1 2

3
John Doe
Jane Smith
Sirhan Sirhan
1 2 3
2 1 3
2 3 1
1 2 3
3 1 2

4
jalal
hasan
bijon
saiket
1 2 3 4
2 1 3 4
1 2 3 4
2 1 3 4
3 1 2 4
4 2 1 3

14
A
B
C
D
E
F
G
H
I
J
K
L
M
N
12 5 11 8 6 13 3 2 10 1 7 9 14 4
8 14 1 13 11 12 5 4 3 10 2 6 7 9
13 12 14 5 7 11 3 10 2 1 9 8 4 6
12 3 7 11 2 10 13 5 9 1 6 14 8 4
11 14 13 1 7 4 2 12 5 3 8 10 9 6
4 3 12 8 5 1 2 7 13 11 10 14 6 9
6 14 3 11 1 5 10 7 13 2 12 4 8 9

6
A
B
C
D
E
F
2 1 6 5 3 4 
6 3 2 5 4 1 
5 2 6 1 3 4 
3 6 1 5 2 4 
1 2 4 6 3 5 
3 2 5 6 1 4 
5 6 2 4 3 1 
5 3 1 4 2 6 
2 4 5 6 3 1 
2 5 3 4 6 1

0

1
Andy Cooper
1
5000000
1

1
Andy Cooper

12
A
B
C
D
E
F
G
H
I
J
K
L
10 9 12 4 5 2 6 3 8 1 7 11 
1 7 2 11 4 3 12 10 8 6 9 5 
7 10 11 8 6 2 5 1 12 3 4 9 
10 4 9 6 12 1 11 8 5 3 2 7 
1 4 6 12 2 11 8 10 7 5 3 9 
8 4 9 3 11 7 12 2 5 10 1 6 
4 1 7 5 9 12 3 6 8 10 11 2 
9 6 12 3 1 11 8 2 7 10 5 4 
6 9 1 3 11 2 4 10 12 7 5 8 
2 10 9 1 4 6 12 11 8 3 5 7 
1 10 3 7 4 8 5 6 11 12 9 2 
7 10 1 3 12 2 4 11 8 6 5 9 
4 8 1 9 5 10 11 7 6 2 3 12 
12 8 1 7 9 4 6 10 2 3 11 5 
3 2 9 6 1 4 10 11 7 8 12 5 
1 2 7 3 10 12 8 4 11 5 9 6 
6 11 10 7 5 8 4 2 1 3 12 9 
3 8 12 4 7 1 5 11 9 6 10 2 
4 8 10 1 6 3 12 5 7 2 11 9 
5 8 10 9 7 4 1 11 12 2 3 6 
2 10 6 8 5 1 9 4 7 3 12 11 
9 5 7 11 4 1 8 10 2 6 3 12 
2 12 7 4 3 5 10 9 6 11 8 1

25
One
Two
Three
Four
Five
Six
Seven
Eight
Nine
Ten
Eleven
Twelve
Thirteen
Fourteen
Fifteen
Sixteen
Seventeen
Eighteen
Nineteen
Twenty
Twenty-One
Twenty-Two
Twenty-Three
Twenty-Four
Twenty-Five
1 2 3 4 5 6 7 8 9 10 11 12 13 14 15 16 17 18 19 20
20 19 18 17 16 15 14 13 12 11 10 9 8 7 6 5 4 3 2 1
1 2 3 4 5 6 7 8 9 10 11 12 13 14 15 16 17 18 19 20
20 19 18 17 16 15 14 13 12 11 10 9 8 7 6 5 4 3 2 1
1 2 3 4 5 6 7 8 9 10 11 12 13 14 15 16 17 18 19 20
2 3 4 5 1 6 7 8 9 10 11 12 13 14 15 16 17 18 19 20
2 3 4 5 1 6 7 8 9 10 11 12 13 14 15 16 17 18 19 20
2 3 4 5 1 6 7 8 9 10 11 12 13 14 15 16 17 18 19 20
3 4 5 1 2 6 7 8 9 10 11 12 13 14 15 16 17 18 19 20
3 4 5 2 1 6 7 8 9 10 11 12 13 14 15 16 17 18 19 20

3
John Doe
Jane Smith
Sirhan Sirhan
1 2 3
2 1 3
2 3 1
1 2 3
3 1 2

3
John Doe
Jane Smith
Sirhan Sirhan

3
John Doe
Jane Smith
Sirhan Sirhan
2                                                                            3 1
2                                                                             3 1
2                                                                              3 1
2                                                                           3 1
2                                                                            3 1
2                                                                             3 1
2                                                                              3 1
2                                                                           3 1

20
AAAAAAAAAZAAAAAAAAAZAAAAAAAAAZAAAAAAAAAZAAAAAAAAAZAAAAAAAAAZAAAAAAAAAZAAAAAAAAAZ
BBBBBBBBBZBBBBBBBBBZBBBBBBBBBZBBBBBBBBBZBBBBBBBBBZBBBBBBBBBZBBBBBBBBBZBBBBBBBBBZ
CCCCCCCCCZCCCCCCCCCZCCCCCCCCCZCCCCCCCCCZCCCCCCCCCZCCCCCCCCCZCCCCCCCCCZCCCCCCCCCZ
DDDDDDDDDZDDDDDDDDDZDDDDDDDDDZDDDDDDDDDZDDDDDDDDDZDDDDDDDDDZDDDDDDDDDZDDDDDDDDDZ
EEEEEEEEEZEEEEEEEEEZEEEEEEEEEZEEEEEEEEEZEEEEEEEEEZEEEEEEEEEZEEEEEEEEEZEEEEEEEEEZ
FFFFFFFFFZFFFFFFFFFZFFFFFFFFFZFFFFFFFFFZFFFFFFFFFZFFFFFFFFFZFFFFFFFFFZFFFFFFFFFZ
GGGGGGGGGZGGGGGGGGGZGGGGGGGGGZGGGGGGGGGZGGGGGGGGGZGGGGGGGGGZGGGGGGGGGZGGGGGGGGGZ
HHHHHHHHHZHHHHHHHHHZHHHHHHHHHZHHHHHHHHHZHHHHHHHHHZHHHHHHHHHZHHHHHHHHHZHHHHHHHHHZ
IIIIIIIIIZIIIIIIIIIZIIIIIIIIIZIIIIIIIIIZIIIIIIIIIZIIIIIIIIIZIIIIIIIIIZIIIIIIIIIZ
JJJJJJJJJZJJJJJJJJJZJJJJJJJJJZJJJJJJJJJZJJJJJJJJJZJJJJJJJJJZJJJJJJJJJZJJJJJJJJJZ
KKKKKKKKKZKKKKKKKKKZKKKKKKKKKZKKKKKKKKKZKKKKKKKKKZKKKKKKKKKZKKKKKKKKKZKKKKKKKKKZ
LLLLLLLLLZLLLLLLLLLZLLLLLLLLLZLLLLLLLLLZLLLLLLLLLZLLLLLLLLLZLLLLLLLLLZLLLLLLLLLZ
MMMMMMMMMZMMMMMMMMMZMMMMMMMMMZMMMMMMMMMZMMMMMMMMMZMMMMMMMMMZMMMMMMMMMZMMMMMMMMMZ
NNNNNNNNNZNNNNNNNNNZNNNNNNNNNZNNNNNNNNNZNNNNNNNNNZNNNNNNNNNZNNNNNNNNNZNNNNNNNNNZ
OOOOOOOOOZOOOOOOOOOZOOOOOOOOOZOOOOOOOOOZOOOOOOOOOZOOOOOOOOOZOOOOOOOOOZOOOOOOOOOZ
PPPPPPPPPZPPPPPPPPPZPPPPPPPPPZPPPPPPPPPZPPPPPPPPPZPPPPPPPPPZPPPPPPPPPZPPPPPPPPPZ
QQQQQQQQQZQQQQQQQQQZQQQQQQQQQZQQQQQQQQQZQQQQQQQQQZQQQQQQQQQZQQQQQQQQQZQQQQQQQQQZ
RRRRRRRRRZRRRRRRRRRZRRRRRRRRRZRRRRRRRRRZRRRRRRRRRZRRRRRRRRRZRRRRRRRRRZRRRRRRRRRZ
SSSSSSSSSZSSSSSSSSSZSSSSSSSSSZSSSSSSSSSZSSSSSSSSSZSSSSSSSSSZSSSSSSSSSZSSSSSSSSSZ
TTTTTTTTTZTTTTTTTTTZTTTTTTTTTZTTTTTTTTTZTTTTTTTTTZTTTTTTTTTZTTTTTTTTTZTTTTTTTTTZ
1 2 3 4 5 6 7 8 9 10 11 12 13 14 15 16 17 18 19 20
20 19 18 17 16 15 14 13 12 11 10 9 8 7 6 5 4 3 2 1
1 2 3 4 5 6 7 8 9 10 11 12 13 14 15 16 17 18 19 20
20 19 18 17 16 15 14 13 12 11 10 9 8 7 6 5 4 3 2 1
1 2 3 4 5 6 7 8 9 10 11 12 13 14 15 16 17 18 19 20
2 3 4 5 1 6 7 8 9 10 11 12 13 14 15 16 17 18 19 20
2 3 4 5 1 6 7 8 9 10 11 12 13 14 15 16 17 18 19 20
2 3 4 5 1 6 7 8 9 10 11 12 13 14 15 16 17 18 19 20
3 4 5 1 2 6 7 8 9 10 11 12 13 14 15 16 17 18 19 20
3 4 5 2 1 6 7 8 9 10 11 12 13 14 15 16 17 18 19 20
1 2 3 4 5 6 7 8 9 10 11 12 13 14 15 16 17 18 19 20
20 19 18 17 16 15 14 13 12 11 10 9 8 7 6 5 4 3 2 1
1 2 3 4 5 6 7 8 9 10 11 12 13 14 15 16 17 18 19 20
20 19 18 17 16 15 14 13 12 11 10 9 8 7 6 5 4 3 2 1
1 2 3 4 5 6 7 8 9 10 11 12 13 14 15 16 17 18 19 20
2 3 4 5 1 6 7 8 9 10 11 12 13 14 15 16 17 18 19 20
2 3 4 5 1 6 7 8 9 10 11 12 13 14 15 16 17 18 19 20
2 3 4 5 1 6 7 8 9 10 11 12 13 14 15 16 17 18 19 20
3 4 5 1 2 6 7 8 9 10 11 12 13 14 15 16 17 18 19 20
3 4 5 1 2 6 7 8 9 10 11 12 13 14 15 16 17 18 19 20
1 2 3 4 5 6 7 8 9 10 11 12 13 14 15 16 17 18 19 20
20 19 18 17 16 15 14 13 12 11 10 9 8 7 6 5 4 3 2 1
1 2 3 4 5 6 7 8 9 10 11 12 13 14 15 16 17 18 19 20
20 19 18 17 16 15 14 13 12 11 10 9 8 7 6 5 4 3 2 1
1 2 3 4 5 6 7 8 9 10 11 12 13 14 15 16 17 18 19 20
2 3 4 5 1 6 7 8 9 10 11 12 13 14 15 16 17 18 19 20
2 3 4 5 1 6 7 8 9 10 11 12 13 14 15 16 17 18 19 20
2 3 4 5 1 6 7 8 9 10 11 12 13 14 15 16 17 18 19 20
3 4 5 1 2 6 7 8 9 10 11 12 13 14 15 16 17 18 19 20
3 4 5 1 2 6 7 8 9 10 11 12 13 14 15 16 17 18 19 20
1 2 3 4 5 6 7 8 9 10 11 12 13 14 15 16 17 18 19 20
20 19 18 17 16 15 14 13 12 11 10 9 8 7 6 5 4 3 2 1
1 2 3 4 5 6 7 8 9 10 11 12 13 14 15 16 17 18 19 20
20 19 18 17 16 15 14 13 12 11 10 9 8 7 6 5 4 3 2 1
1 2 3 4 5 6 7 8 9 10 11 12 13 14 15 16 17 18 19 20
2 3 4 5 1 6 7 8 9 10 11 12 13 14 15 16 17 18 19 20
2 3 4 5 1 6 7 8 9 10 11 12 13 14 15 16 17 18 19 20
2 3 4 5 1 6 7 8 9 10 11 12 13 14 15 16 17 18 19 20
3 4 5 1 2 6 7 8 9 10 11 12 13 14 15 16 17 18 19 20
3 4 5 1 2 6 7 8 9 10 11 12 13 14 15 16 17 18 19 20
1 2 3 4 5 6 7 8 9 10 11 12 13 14 15 16 17 18 19 20
20 19 18 17 16 15 14 13 12 11 10 9 8 7 6 5 4 3 2 1
1 2 3 4 5 6 7 8 9 10 11 12 13 14 15 16 17 18 19 20
20 19 18 17 16 15 14 13 12 11 10 9 8 7 6 5 4 3 2 1
1 2 3 4 5 6 7 8 9 10 11 12 13 14 15 16 17 18 19 20
2 3 4 5 1 6 7 8 9 10 11 12 13 14 15 16 17 18 19 20
2 3 4 5 1 6 7 8 9 10 11 12 13 14 15 16 17 18 19 20
2 3 4 5 1 6 7 8 9 10 11 12 13 14 15 16 17 18 19 20
3 4 5 1 2 6 7 8 9 10 11 12 13 14 15 16 17 18 19 20
3 4 5 1 2 6 7 8 9 10 11 12 13 14 15 16 17 18 19 20
1 2 3 4 5 6 7 8 9 10 11 12 13 14 15 16 17 18 19 20
20 19 18 17 16 15 14 13 12 11 10 9 8 7 6 5 4 3 2 1
1 2 3 4 5 6 7 8 9 10 11 12 13 14 15 16 17 18 19 20
20 19 18 17 16 15 14 13 12 11 10 9 8 7 6 5 4 3 2 1
1 2 3 4 5 6 7 8 9 10 11 12 13 14 15 16 17 18 19 20
2 3 4 5 1 6 7 8 9 10 11 12 13 14 15 16 17 18 19 20
2 3 4 5 1 6 7 8 9 10 11 12 13 14 15 16 17 18 19 20
2 3 4 5 1 6 7 8 9 10 11 12 13 14 15 16 17 18 19 20
3 4 5 1 2 6 7 8 9 10 11 12 13 14 15 16 17 18 19 20
3 4 5 1 2 6 7 8 9 10 11 12 13 14 15 16 17 18 19 20
1 2 3 4 5 6 7 8 9 10 11 12 13 14 15 16 17 18 19 20
20 19 18 17 16 15 14 13 12 11 10 9 8 7 6 5 4 3 2 1
1 2 3 4 5 6 7 8 9 10 11 12 13 14 15 16 17 18 19 20
20 19 18 17 16 15 14 13 12 11 10 9 8 7 6 5 4 3 2 1
1 2 3 4 5 6 7 8 9 10 11 12 13 14 15 16 17 18 19 20
2 3 4 5 1 6 7 8 9 10 11 12 13 14 15 16 17 18 19 20
2 3 4 5 1 6 7 8 9 10 11 12 13 14 15 16 17 18 19 20
2 3 4 5 1 6 7 8 9 10 11 12 13 14 15 16 17 18 19 20
3 4 5 1 2 6 7 8 9 10 11 12 13 14 15 16 17 18 19 20
3 4 5 1 2 6 7 8 9 10 11 12 13 14 15 16 17 18 19 20
1 2 3 4 5 6 7 8 9 10 11 12 13 14 15 16 17 18 19 20
20 19 18 17 16 15 14 13 12 11 10 9 8 7 6 5 4 3 2 1
1 2 3 4 5 6 7 8 9 10 11 12 13 14 15 16 17 18 19 20
20 19 18 17 16 15 14 13 12 11 10 9 8 7 6 5 4 3 2 1
1 2 3 4 5 6 7 8 9 10 11 12 13 14 15 16 17 18 19 20
2 3 4 5 1 6 7 8 9 10 11 12 13 14 15 16 17 18 19 20
2 3 4 5 1 6 7 8 9 10 11 12 13 14 15 16 17 18 19 20
2 3 4 5 1 6 7 8 9 10 11 12 13 14 15 16 17 18 19 20
3 4 5 1 2 6 7 8 9 10 11 12 13 14 15 16 17 18 19 20
3 4 5 1 2 6 7 8 9 10 11 12 13 14 15 16 17 18 19 20
1 2 3 4 5 6 7 8 9 10 11 12 13 14 15 16 17 18 19 20
20 19 18 17 16 15 14 13 12 11 10 9 8 7 6 5 4 3 2 1
1 2 3 4 5 6 7 8 9 10 11 12 13 14 15 16 17 18 19 20
20 19 18 17 16 15 14 13 12 11 10 9 8 7 6 5 4 3 2 1
1 2 3 4 5 6 7 8 9 10 11 12 13 14 15 16 17 18 19 20
2 3 4 5 1 6 7 8 9 10 11 12 13 14 15 16 17 18 19 20
2 3 4 5 1 6 7 8 9 10 11 12 13 14 15 16 17 18 19 20
2 3 4 5 1 6 7 8 9 10 11 12 13 14 15 16 17 18 19 20
3 4 5 1 2 6 7 8 9 10 11 12 13 14 15 16 17 18 19 20
3 4 5 1 2 6 7 8 9 10 11 12 13 14 15 16 17 18 19 20
1 2 3 4 5 6 7 8 9 10 11 12 13 14 15 16 17 18 19 20
20 19 18 17 16 15 14 13 12 11 10 9 8 7 6 5 4 3 2 1
1 2 3 4 5 6 7 8 9 10 11 12 13 14 15 16 17 18 19 20
20 19 18 17 16 15 14 13 12 11 10 9 8 7 6 5 4 3 2 1
1 2 3 4 5 6 7 8 9 10 11 12 13 14 15 16 17 18 19 20
2 3 4 5 1 6 7 8 9 10 11 12 13 14 15 16 17 18 19 20
2 3 4 5 1 6 7 8 9 10 11 12 13 14 15 16 17 18 19 20
2 3 4 5 1 6 7 8 9 10 11 12 13 14 15 16 17 18 19 20
3 4 5 1 2 6 7 8 9 10 11 12 13 14 15 16 17 18 19 20
3 4 5 1 2 6 7 8 9 10 11 12 13 14 15 16 17 18 19 20
1 2 3 4 5 6 7 8 9 10 11 12 13 14 15 16 17 18 19 20
20 19 18 17 16 15 14 13 12 11 10 9 8 7 6 5 4 3 2 1
1 2 3 4 5 6 7 8 9 10 11 12 13 14 15 16 17 18 19 20
20 19 18 17 16 15 14 13 12 11 10 9 8 7 6 5 4 3 2 1
1 2 3 4 5 6 7 8 9 10 11 12 13 14 15 16 17 18 19 20
2 3 4 5 1 6 7 8 9 10 11 12 13 14 15 16 17 18 19 20
2 3 4 5 1 6 7 8 9 10 11 12 13 14 15 16 17 18 19 20
2 3 4 5 1 6 7 8 9 10 11 12 13 14 15 16 17 18 19 20
3 4 5 1 2 6 7 8 9 10 11 12 13 14 15 16 17 18 19 20
3 4 5 1 2 6 7 8 9 10 11 12 13 14 15 16 17 18 19 20
1 2 3 4 5 6 7 8 9 10 11 12 13 14 15 16 17 18 19 20
20 19 18 17 16 15 14 13 12 11 10 9 8 7 6 5 4 3 2 1
1 2 3 4 5 6 7 8 9 10 11 12 13 14 15 16 17 18 19 20
20 19 18 17 16 15 14 13 12 11 10 9 8 7 6 5 4 3 2 1
1 2 3 4 5 6 7 8 9 10 11 12 13 14 15 16 17 18 19 20
2 3 4 5 1 6 7 8 9 10 11 12 13 14 15 16 17 18 19 20
2 3 4 5 1 6 7 8 9 10 11 12 13 14 15 16 17 18 19 20
2 3 4 5 1 6 7 8 9 10 11 12 13 14 15 16 17 18 19 20
3 4 5 1 2 6 7 8 9 10 11 12 13 14 15 16 17 18 19 20
3 4 5 1 2 6 7 8 9 10 11 12 13 14 15 16 17 18 19 20
1 2 3 4 5 6 7 8 9 10 11 12 13 14 15 16 17 18 19 20
20 19 18 17 16 15 14 13 12 11 10 9 8 7 6 5 4 3 2 1
1 2 3 4 5 6 7 8 9 10 11 12 13 14 15 16 17 18 19 20
20 19 18 17 16 15 14 13 12 11 10 9 8 7 6 5 4 3 2 1
1 2 3 4 5 6 7 8 9 10 11 12 13 14 15 16 17 18 19 20
2 3 4 5 1 6 7 8 9 10 11 12 13 14 15 16 17 18 19 20
2 3 4 5 1 6 7 8 9 10 11 12 13 14 15 16 17 18 19 20
2 3 4 5 1 6 7 8 9 10 11 12 13 14 15 16 17 18 19 20
3 4 5 1 2 6 7 8 9 10 11 12 13 14 15 16 17 18 19 20
3 4 5 1 2 6 7 8 9 10 11 12 13 14 15 16 17 18 19 20
1 2 3 4 5 6 7 8 9 10 11 12 13 14 15 16 17 18 19 20
20 19 18 17 16 15 14 13 12 11 10 9 8 7 6 5 4 3 2 1
1 2 3 4 5 6 7 8 9 10 11 12 13 14 15 16 17 18 19 20
20 19 18 17 16 15 14 13 12 11 10 9 8 7 6 5 4 3 2 1
1 2 3 4 5 6 7 8 9 10 11 12 13 14 15 16 17 18 19 20
2 3 4 5 1 6 7 8 9 10 11 12 13 14 15 16 17 18 19 20
2 3 4 5 1 6 7 8 9 10 11 12 13 14 15 16 17 18 19 20
2 3 4 5 1 6 7 8 9 10 11 12 13 14 15 16 17 18 19 20
3 4 5 1 2 6 7 8 9 10 11 12 13 14 15 16 17 18 19 20
3 4 5 1 2 6 7 8 9 10 11 12 13 14 15 16 17 18 19 20
1 2 3 4 5 6 7 8 9 10 11 12 13 14 15 16 17 18 19 20
20 19 18 17 16 15 14 13 12 11 10 9 8 7 6 5 4 3 2 1
1 2 3 4 5 6 7 8 9 10 11 12 13 14 15 16 17 18 19 20
20 19 18 17 16 15 14 13 12 11 10 9 8 7 6 5 4 3 2 1
1 2 3 4 5 6 7 8 9 10 11 12 13 14 15 16 17 18 19 20
2 3 4 5 1 6 7 8 9 10 11 12 13 14 15 16 17 18 19 20
2 3 4 5 1 6 7 8 9 10 11 12 13 14 15 16 17 18 19 20
2 3 4 5 1 6 7 8 9 10 11 12 13 14 15 16 17 18 19 20
3 4 5 1 2 6 7 8 9 10 11 12 13 14 15 16 17 18 19 20
3 4 5 1 2 6 7 8 9 10 11 12 13 14 15 16 17 18 19 20
1 2 3 4 5 6 7 8 9 10 11 12 13 14 15 16 17 18 19 20
20 19 18 17 16 15 14 13 12 11 10 9 8 7 6 5 4 3 2 1
1 2 3 4 5 6 7 8 9 10 11 12 13 14 15 16 17 18 19 20
20 19 18 17 16 15 14 13 12 11 10 9 8 7 6 5 4 3 2 1
1 2 3 4 5 6 7 8 9 10 11 12 13 14 15 16 17 18 19 20
2 3 4 5 1 6 7 8 9 10 11 12 13 14 15 16 17 18 19 20
2 3 4 5 1 6 7 8 9 10 11 12 13 14 15 16 17 18 19 20
2 3 4 5 1 6 7 8 9 10 11 12 13 14 15 16 17 18 19 20
3 4 5 1 2 6 7 8 9 10 11 12 13 14 15 16 17 18 19 20
3 4 5 1 2 6 7 8 9 10 11 12 13 14 15 16 17 18 19 20
1 2 3 4 5 6 7 8 9 10 11 12 13 14 15 16 17 18 19 20
20 19 18 17 16 15 14 13 12 11 10 9 8 7 6 5 4 3 2 1
1 2 3 4 5 6 7 8 9 10 11 12 13 14 15 16 17 18 19 20
20 19 18 17 16 15 14 13 12 11 10 9 8 7 6 5 4 3 2 1
1 2 3 4 5 6 7 8 9 10 11 12 13 14 15 16 17 18 19 20
2 3 4 5 1 6 7 8 9 10 11 12 13 14 15 16 17 18 19 20
2 3 4 5 1 6 7 8 9 10 11 12 13 14 15 16 17 18 19 20
2 3 4 5 1 6 7 8 9 10 11 12 13 14 15 16 17 18 19 20
3 4 5 1 2 6 7 8 9 10 11 12 13 14 15 16 17 18 19 20
3 4 5 1 2 6 7 8 9 10 11 12 13 14 15 16 17 18 19 20
1 2 3 4 5 6 7 8 9 10 11 12 13 14 15 16 17 18 19 20
20 19 18 17 16 15 14 13 12 11 10 9 8 7 6 5 4 3 2 1
1 2 3 4 5 6 7 8 9 10 11 12 13 14 15 16 17 18 19 20
20 19 18 17 16 15 14 13 12 11 10 9 8 7 6 5 4 3 2 1
1 2 3 4 5 6 7 8 9 10 11 12 13 14 15 16 17 18 19 20
2 3 4 5 1 6 7 8 9 10 11 12 13 14 15 16 17 18 19 20
2 3 4 5 1 6 7 8 9 10 11 12 13 14 15 16 17 18 19 20
2 3 4 5 1 6 7 8 9 10 11 12 13 14 15 16 17 18 19 20
3 4 5 1 2 6 7 8 9 10 11 12 13 14 15 16 17 18 19 20
3 4 5 1 2 6 7 8 9 10 11 12 13 14 15 16 17 18 19 20
1 2 3 4 5 6 7 8 9 10 11 12 13 14 15 16 17 18 19 20
20 19 18 17 16 15 14 13 12 11 10 9 8 7 6 5 4 3 2 1
1 2 3 4 5 6 7 8 9 10 11 12 13 14 15 16 17 18 19 20
20 19 18 17 16 15 14 13 12 11 10 9 8 7 6 5 4 3 2 1
1 2 3 4 5 6 7 8 9 10 11 12 13 14 15 16 17 18 19 20
2 3 4 5 1 6 7 8 9 10 11 12 13 14 15 16 17 18 19 20
2 3 4 5 1 6 7 8 9 10 11 12 13 14 15 16 17 18 19 20
2 3 4 5 1 6 7 8 9 10 11 12 13 14 15 16 17 18 19 20
3 4 5 1 2 6 7 8 9 10 11 12 13 14 15 16 17 18 19 20
3 4 5 1 2 6 7 8 9 10 11 12 13 14 15 16 17 18 19 20
1 2 3 4 5 6 7 8 9 10 11 12 13 14 15 16 17 18 19 20
20 19 18 17 16 15 14 13 12 11 10 9 8 7 6 5 4 3 2 1
1 2 3 4 5 6 7 8 9 10 11 12 13 14 15 16 17 18 19 20
20 19 18 17 16 15 14 13 12 11 10 9 8 7 6 5 4 3 2 1
1 2 3 4 5 6 7 8 9 10 11 12 13 14 15 16 17 18 19 20
2 3 4 5 1 6 7 8 9 10 11 12 13 14 15 16 17 18 19 20
2 3 4 5 1 6 7 8 9 10 11 12 13 14 15 16 17 18 19 20
2 3 4 5 1 6 7 8 9 10 11 12 13 14 15 16 17 18 19 20
3 4 5 1 2 6 7 8 9 10 11 12 13 14 15 16 17 18 19 20
3 4 5 1 2 6 7 8 9 10 11 12 13 14 15 16 17 18 19 20
1 2 3 4 5 6 7 8 9 10 11 12 13 14 15 16 17 18 19 20
20 19 18 17 16 15 14 13 12 11 10 9 8 7 6 5 4 3 2 1
1 2 3 4 5 6 7 8 9 10 11 12 13 14 15 16 17 18 19 20
20 19 18 17 16 15 14 13 12 11 10 9 8 7 6 5 4 3 2 1
1 2 3 4 5 6 7 8 9 10 11 12 13 14 15 16 17 18 19 20
2 3 4 5 1 6 7 8 9 10 11 12 13 14 15 16 17 18 19 20
2 3 4 5 1 6 7 8 9 10 11 12 13 14 15 16 17 18 19 20
2 3 4 5 1 6 7 8 9 10 11 12 13 14 15 16 17 18 19 20
3 4 5 1 2 6 7 8 9 10 11 12 13 14 15 16 17 18 19 20
3 4 5 1 2 6 7 8 9 10 11 12 13 14 15 16 17 18 19 20
1 2 3 4 5 6 7 8 9 10 11 12 13 14 15 16 17 18 19 20
20 19 18 17 16 15 14 13 12 11 10 9 8 7 6 5 4 3 2 1
1 2 3 4 5 6 7 8 9 10 11 12 13 14 15 16 17 18 19 20
20 19 18 17 16 15 14 13 12 11 10 9 8 7 6 5 4 3 2 1
1 2 3 4 5 6 7 8 9 10 11 12 13 14 15 16 17 18 19 20
2 3 4 5 1 6 7 8 9 10 11 12 13 14 15 16 17 18 19 20
2 3 4 5 1 6 7 8 9 10 11 12 13 14 15 16 17 18 19 20
2 3 4 5 1 6 7 8 9 10 11 12 13 14 15 16 17 18 19 20
3 4 5 1 2 6 7 8 9 10 11 12 13 14 15 16 17 18 19 20
3 4 5 1 2 6 7 8 9 10 11 12 13 14 15 16 17 18 19 20
1 2 3 4 5 6 7 8 9 10 11 12 13 14 15 16 17 18 19 20
20 19 18 17 16 15 14 13 12 11 10 9 8 7 6 5 4 3 2 1
1 2 3 4 5 6 7 8 9 10 11 12 13 14 15 16 17 18 19 20
20 19 18 17 16 15 14 13 12 11 10 9 8 7 6 5 4 3 2 1
1 2 3 4 5 6 7 8 9 10 11 12 13 14 15 16 17 18 19 20
2 3 4 5 1 6 7 8 9 10 11 12 13 14 15 16 17 18 19 20
2 3 4 5 1 6 7 8 9 10 11 12 13 14 15 16 17 18 19 20
2 3 4 5 1 6 7 8 9 10 11 12 13 14 15 16 17 18 19 20
3 4 5 1 2 6 7 8 9 10 11 12 13 14 15 16 17 18 19 20
3 4 5 1 2 6 7 8 9 10 11 12 13 14 15 16 17 18 19 20
1 2 3 4 5 6 7 8 9 10 11 12 13 14 15 16 17 18 19 20
20 19 18 17 16 15 14 13 12 11 10 9 8 7 6 5 4 3 2 1
1 2 3 4 5 6 7 8 9 10 11 12 13 14 15 16 17 18 19 20
20 19 18 17 16 15 14 13 12 11 10 9 8 7 6 5 4 3 2 1
1 2 3 4 5 6 7 8 9 10 11 12 13 14 15 16 17 18 19 20
2 3 4 5 1 6 7 8 9 10 11 12 13 14 15 16 17 18 19 20
2 3 4 5 1 6 7 8 9 10 11 12 13 14 15 16 17 18 19 20
2 3 4 5 1 6 7 8 9 10 11 12 13 14 15 16 17 18 19 20
3 4 5 1 2 6 7 8 9 10 11 12 13 14 15 16 17 18 19 20
3 4 5 1 2 6 7 8 9 10 11 12 13 14 15 16 17 18 19 20
1 2 3 4 5 6 7 8 9 10 11 12 13 14 15 16 17 18 19 20
20 19 18 17 16 15 14 13 12 11 10 9 8 7 6 5 4 3 2 1
1 2 3 4 5 6 7 8 9 10 11 12 13 14 15 16 17 18 19 20
20 19 18 17 16 15 14 13 12 11 10 9 8 7 6 5 4 3 2 1
1 2 3 4 5 6 7 8 9 10 11 12 13 14 15 16 17 18 19 20
2 3 4 5 1 6 7 8 9 10 11 12 13 14 15 16 17 18 19 20
2 3 4 5 1 6 7 8 9 10 11 12 13 14 15 16 17 18 19 20
2 3 4 5 1 6 7 8 9 10 11 12 13 14 15 16 17 18 19 20
3 4 5 1 2 6 7 8 9 10 11 12 13 14 15 16 17 18 19 20
3 4 5 1 2 6 7 8 9 10 11 12 13 14 15 16 17 18 19 20
1 2 3 4 5 6 7 8 9 10 11 12 13 14 15 16 17 18 19 20
20 19 18 17 16 15 14 13 12 11 10 9 8 7 6 5 4 3 2 1
1 2 3 4 5 6 7 8 9 10 11 12 13 14 15 16 17 18 19 20
20 19 18 17 16 15 14 13 12 11 10 9 8 7 6 5 4 3 2 1
1 2 3 4 5 6 7 8 9 10 11 12 13 14 15 16 17 18 19 20
2 3 4 5 1 6 7 8 9 10 11 12 13 14 15 16 17 18 19 20
2 3 4 5 1 6 7 8 9 10 11 12 13 14 15 16 17 18 19 20
2 3 4 5 1 6 7 8 9 10 11 12 13 14 15 16 17 18 19 20
3 4 5 1 2 6 7 8 9 10 11 12 13 14 15 16 17 18 19 20
3 4 5 1 2 6 7 8 9 10 11 12 13 14 15 16 17 18 19 20
1 2 3 4 5 6 7 8 9 10 11 12 13 14 15 16 17 18 19 20
20 19 18 17 16 15 14 13 12 11 10 9 8 7 6 5 4 3 2 1
1 2 3 4 5 6 7 8 9 10 11 12 13 14 15 16 17 18 19 20
20 19 18 17 16 15 14 13 12 11 10 9 8 7 6 5 4 3 2 1
1 2 3 4 5 6 7 8 9 10 11 12 13 14 15 16 17 18 19 20
2 3 4 5 1 6 7 8 9 10 11 12 13 14 15 16 17 18 19 20
2 3 4 5 1 6 7 8 9 10 11 12 13 14 15 16 17 18 19 20
2 3 4 5 1 6 7 8 9 10 11 12 13 14 15 16 17 18 19 20
3 4 5 1 2 6 7 8 9 10 11 12 13 14 15 16 17 18 19 20
3 4 5 1 2 6 7 8 9 10 11 12 13 14 15 16 17 18 19 20
1 2 3 4 5 6 7 8 9 10 11 12 13 14 15 16 17 18 19 20
20 19 18 17 16 15 14 13 12 11 10 9 8 7 6 5 4 3 2 1
1 2 3 4 5 6 7 8 9 10 11 12 13 14 15 16 17 18 19 20
20 19 18 17 16 15 14 13 12 11 10 9 8 7 6 5 4 3 2 1
1 2 3 4 5 6 7 8 9 10 11 12 13 14 15 16 17 18 19 20
2 3 4 5 1 6 7 8 9 10 11 12 13 14 15 16 17 18 19 20
2 3 4 5 1 6 7 8 9 10 11 12 13 14 15 16 17 18 19 20
2 3 4 5 1 6 7 8 9 10 11 12 13 14 15 16 17 18 19 20
3 4 5 1 2 6 7 8 9 10 11 12 13 14 15 16 17 18 19 20
3 4 5 1 2 6 7 8 9 10 11 12 13 14 15 16 17 18 19 20
1 2 3 4 5 6 7 8 9 10 11 12 13 14 15 16 17 18 19 20
20 19 18 17 16 15 14 13 12 11 10 9 8 7 6 5 4 3 2 1
1 2 3 4 5 6 7 8 9 10 11 12 13 14 15 16 17 18 19 20
20 19 18 17 16 15 14 13 12 11 10 9 8 7 6 5 4 3 2 1
1 2 3 4 5 6 7 8 9 10 11 12 13 14 15 16 17 18 19 20
2 3 4 5 1 6 7 8 9 10 11 12 13 14 15 16 17 18 19 20
2 3 4 5 1 6 7 8 9 10 11 12 13 14 15 16 17 18 19 20
2 3 4 5 1 6 7 8 9 10 11 12 13 14 15 16 17 18 19 20
3 4 5 1 2 6 7 8 9 10 11 12 13 14 15 16 17 18 19 20
3 4 5 1 2 6 7 8 9 10 11 12 13 14 15 16 17 18 19 20
1 2 3 4 5 6 7 8 9 10 11 12 13 14 15 16 17 18 19 20
20 19 18 17 16 15 14 13 12 11 10 9 8 7 6 5 4 3 2 1
1 2 3 4 5 6 7 8 9 10 11 12 13 14 15 16 17 18 19 20
20 19 18 17 16 15 14 13 12 11 10 9 8 7 6 5 4 3 2 1
1 2 3 4 5 6 7 8 9 10 11 12 13 14 15 16 17 18 19 20
2 3 4 5 1 6 7 8 9 10 11 12 13 14 15 16 17 18 19 20
2 3 4 5 1 6 7 8 9 10 11 12 13 14 15 16 17 18 19 20
2 3 4 5 1 6 7 8 9 10 11 12 13 14 15 16 17 18 19 20
3 4 5 1 2 6 7 8 9 10 11 12 13 14 15 16 17 18 19 20
3 4 5 1 2 6 7 8 9 10 11 12 13 14 15 16 17 18 19 20
1 2 3 4 5 6 7 8 9 10 11 12 13 14 15 16 17 18 19 20
20 19 18 17 16 15 14 13 12 11 10 9 8 7 6 5 4 3 2 1
1 2 3 4 5 6 7 8 9 10 11 12 13 14 15 16 17 18 19 20
20 19 18 17 16 15 14 13 12 11 10 9 8 7 6 5 4 3 2 1
1 2 3 4 5 6 7 8 9 10 11 12 13 14 15 16 17 18 19 20
2 3 4 5 1 6 7 8 9 10 11 12 13 14 15 16 17 18 19 20
2 3 4 5 1 6 7 8 9 10 11 12 13 14 15 16 17 18 19 20
2 3 4 5 1 6 7 8 9 10 11 12 13 14 15 16 17 18 19 20
3 4 5 1 2 6 7 8 9 10 11 12 13 14 15 16 17 18 19 20
3 4 5 1 2 6 7 8 9 10 11 12 13 14 15 16 17 18 19 20
1 2 3 4 5 6 7 8 9 10 11 12 13 14 15 16 17 18 19 20
20 19 18 17 16 15 14 13 12 11 10 9 8 7 6 5 4 3 2 1
1 2 3 4 5 6 7 8 9 10 11 12 13 14 15 16 17 18 19 20
20 19 18 17 16 15 14 13 12 11 10 9 8 7 6 5 4 3 2 1
1 2 3 4 5 6 7 8 9 10 11 12 13 14 15 16 17 18 19 20
2 3 4 5 1 6 7 8 9 10 11 12 13 14 15 16 17 18 19 20
2 3 4 5 1 6 7 8 9 10 11 12 13 14 15 16 17 18 19 20
2 3 4 5 1 6 7 8 9 10 11 12 13 14 15 16 17 18 19 20
3 4 5 1 2 6 7 8 9 10 11 12 13 14 15 16 17 18 19 20
3 4 5 1 2 6 7 8 9 10 11 12 13 14 15 16 17 18 19 20
1 2 3 4 5 6 7 8 9 10 11 12 13 14 15 16 17 18 19 20
20 19 18 17 16 15 14 13 12 11 10 9 8 7 6 5 4 3 2 1
1 2 3 4 5 6 7 8 9 10 11 12 13 14 15 16 17 18 19 20
20 19 18 17 16 15 14 13 12 11 10 9 8 7 6 5 4 3 2 1
1 2 3 4 5 6 7 8 9 10 11 12 13 14 15 16 17 18 19 20
2 3 4 5 1 6 7 8 9 10 11 12 13 14 15 16 17 18 19 20
2 3 4 5 1 6 7 8 9 10 11 12 13 14 15 16 17 18 19 20
2 3 4 5 1 6 7 8 9 10 11 12 13 14 15 16 17 18 19 20
3 4 5 1 2 6 7 8 9 10 11 12 13 14 15 16 17 18 19 20
3 4 5 1 2 6 7 8 9 10 11 12 13 14 15 16 17 18 19 20
1 2 3 4 5 6 7 8 9 10 11 12 13 14 15 16 17 18 19 20
20 19 18 17 16 15 14 13 12 11 10 9 8 7 6 5 4 3 2 1
1 2 3 4 5 6 7 8 9 10 11 12 13 14 15 16 17 18 19 20
20 19 18 17 16 15 14 13 12 11 10 9 8 7 6 5 4 3 2 1
1 2 3 4 5 6 7 8 9 10 11 12 13 14 15 16 17 18 19 20
2 3 4 5 1 6 7 8 9 10 11 12 13 14 15 16 17 18 19 20
2 3 4 5 1 6 7 8 9 10 11 12 13 14 15 16 17 18 19 20
2 3 4 5 1 6 7 8 9 10 11 12 13 14 15 16 17 18 19 20
3 4 5 1 2 6 7 8 9 10 11 12 13 14 15 16 17 18 19 20
3 4 5 1 2 6 7 8 9 10 11 12 13 14 15 16 17 18 19 20
1 2 3 4 5 6 7 8 9 10 11 12 13 14 15 16 17 18 19 20
20 19 18 17 16 15 14 13 12 11 10 9 8 7 6 5 4 3 2 1
1 2 3 4 5 6 7 8 9 10 11 12 13 14 15 16 17 18 19 20
20 19 18 17 16 15 14 13 12 11 10 9 8 7 6 5 4 3 2 1
1 2 3 4 5 6 7 8 9 10 11 12 13 14 15 16 17 18 19 20
2 3 4 5 1 6 7 8 9 10 11 12 13 14 15 16 17 18 19 20
2 3 4 5 1 6 7 8 9 10 11 12 13 14 15 16 17 18 19 20
2 3 4 5 1 6 7 8 9 10 11 12 13 14 15 16 17 18 19 20
3 4 5 1 2 6 7 8 9 10 11 12 13 14 15 16 17 18 19 20
3 4 5 1 2 6 7 8 9 10 11 12 13 14 15 16 17 18 19 20
1 2 3 4 5 6 7 8 9 10 11 12 13 14 15 16 17 18 19 20
20 19 18 17 16 15 14 13 12 11 10 9 8 7 6 5 4 3 2 1
1 2 3 4 5 6 7 8 9 10 11 12 13 14 15 16 17 18 19 20
20 19 18 17 16 15 14 13 12 11 10 9 8 7 6 5 4 3 2 1
1 2 3 4 5 6 7 8 9 10 11 12 13 14 15 16 17 18 19 20
2 3 4 5 1 6 7 8 9 10 11 12 13 14 15 16 17 18 19 20
2 3 4 5 1 6 7 8 9 10 11 12 13 14 15 16 17 18 19 20
2 3 4 5 1 6 7 8 9 10 11 12 13 14 15 16 17 18 19 20
3 4 5 1 2 6 7 8 9 10 11 12 13 14 15 16 17 18 19 20
3 4 5 1 2 6 7 8 9 10 11 12 13 14 15 16 17 18 19 20
1 2 3 4 5 6 7 8 9 10 11 12 13 14 15 16 17 18 19 20
20 19 18 17 16 15 14 13 12 11 10 9 8 7 6 5 4 3 2 1
1 2 3 4 5 6 7 8 9 10 11 12 13 14 15 16 17 18 19 20
20 19 18 17 16 15 14 13 12 11 10 9 8 7 6 5 4 3 2 1
1 2 3 4 5 6 7 8 9 10 11 12 13 14 15 16 17 18 19 20
2 3 4 5 1 6 7 8 9 10 11 12 13 14 15 16 17 18 19 20
2 3 4 5 1 6 7 8 9 10 11 12 13 14 15 16 17 18 19 20
2 3 4 5 1 6 7 8 9 10 11 12 13 14 15 16 17 18 19 20
3 4 5 1 2 6 7 8 9 10 11 12 13 14 15 16 17 18 19 20
3 4 5 1 2 6 7 8 9 10 11 12 13 14 15 16 17 18 19 20
1 2 3 4 5 6 7 8 9 10 11 12 13 14 15 16 17 18 19 20
20 19 18 17 16 15 14 13 12 11 10 9 8 7 6 5 4 3 2 1
1 2 3 4 5 6 7 8 9 10 11 12 13 14 15 16 17 18 19 20
20 19 18 17 16 15 14 13 12 11 10 9 8 7 6 5 4 3 2 1
1 2 3 4 5 6 7 8 9 10 11 12 13 14 15 16 17 18 19 20
2 3 4 5 1 6 7 8 9 10 11 12 13 14 15 16 17 18 19 20
2 3 4 5 1 6 7 8 9 10 11 12 13 14 15 16 17 18 19 20
2 3 4 5 1 6 7 8 9 10 11 12 13 14 15 16 17 18 19 20
3 4 5 1 2 6 7 8 9 10 11 12 13 14 15 16 17 18 19 20
3 4 5 1 2 6 7 8 9 10 11 12 13 14 15 16 17 18 19 20
1 2 3 4 5 6 7 8 9 10 11 12 13 14 15 16 17 18 19 20
20 19 18 17 16 15 14 13 12 11 10 9 8 7 6 5 4 3 2 1
1 2 3 4 5 6 7 8 9 10 11 12 13 14 15 16 17 18 19 20
20 19 18 17 16 15 14 13 12 11 10 9 8 7 6 5 4 3 2 1
1 2 3 4 5 6 7 8 9 10 11 12 13 14 15 16 17 18 19 20
2 3 4 5 1 6 7 8 9 10 11 12 13 14 15 16 17 18 19 20
2 3 4 5 1 6 7 8 9 10 11 12 13 14 15 16 17 18 19 20
2 3 4 5 1 6 7 8 9 10 11 12 13 14 15 16 17 18 19 20
3 4 5 1 2 6 7 8 9 10 11 12 13 14 15 16 17 18 19 20
3 4 5 1 2 6 7 8 9 10 11 12 13 14 15 16 17 18 19 20
1 2 3 4 5 6 7 8 9 10 11 12 13 14 15 16 17 18 19 20
20 19 18 17 16 15 14 13 12 11 10 9 8 7 6 5 4 3 2 1
1 2 3 4 5 6 7 8 9 10 11 12 13 14 15 16 17 18 19 20
20 19 18 17 16 15 14 13 12 11 10 9 8 7 6 5 4 3 2 1
1 2 3 4 5 6 7 8 9 10 11 12 13 14 15 16 17 18 19 20
2 3 4 5 1 6 7 8 9 10 11 12 13 14 15 16 17 18 19 20
2 3 4 5 1 6 7 8 9 10 11 12 13 14 15 16 17 18 19 20
2 3 4 5 1 6 7 8 9 10 11 12 13 14 15 16 17 18 19 20
3 4 5 1 2 6 7 8 9 10 11 12 13 14 15 16 17 18 19 20
3 4 5 1 2 6 7 8 9 10 11 12 13 14 15 16 17 18 19 20
1 2 3 4 5 6 7 8 9 10 11 12 13 14 15 16 17 18 19 20
20 19 18 17 16 15 14 13 12 11 10 9 8 7 6 5 4 3 2 1
1 2 3 4 5 6 7 8 9 10 11 12 13 14 15 16 17 18 19 20
20 19 18 17 16 15 14 13 12 11 10 9 8 7 6 5 4 3 2 1
1 2 3 4 5 6 7 8 9 10 11 12 13 14 15 16 17 18 19 20
2 3 4 5 1 6 7 8 9 10 11 12 13 14 15 16 17 18 19 20
2 3 4 5 1 6 7 8 9 10 11 12 13 14 15 16 17 18 19 20
2 3 4 5 1 6 7 8 9 10 11 12 13 14 15 16 17 18 19 20
3 4 5 1 2 6 7 8 9 10 11 12 13 14 15 16 17 18 19 20
3 4 5 1 2 6 7 8 9 10 11 12 13 14 15 16 17 18 19 20
1 2 3 4 5 6 7 8 9 10 11 12 13 14 15 16 17 18 19 20
20 19 18 17 16 15 14 13 12 11 10 9 8 7 6 5 4 3 2 1
1 2 3 4 5 6 7 8 9 10 11 12 13 14 15 16 17 18 19 20
20 19 18 17 16 15 14 13 12 11 10 9 8 7 6 5 4 3 2 1
1 2 3 4 5 6 7 8 9 10 11 12 13 14 15 16 17 18 19 20
2 3 4 5 1 6 7 8 9 10 11 12 13 14 15 16 17 18 19 20
2 3 4 5 1 6 7 8 9 10 11 12 13 14 15 16 17 18 19 20
2 3 4 5 1 6 7 8 9 10 11 12 13 14 15 16 17 18 19 20
3 4 5 1 2 6 7 8 9 10 11 12 13 14 15 16 17 18 19 20
3 4 5 1 2 6 7 8 9 10 11 12 13 14 15 16 17 18 19 20
1 2 3 4 5 6 7 8 9 10 11 12 13 14 15 16 17 18 19 20
20 19 18 17 16 15 14 13 12 11 10 9 8 7 6 5 4 3 2 1
1 2 3 4 5 6 7 8 9 10 11 12 13 14 15 16 17 18 19 20
20 19 18 17 16 15 14 13 12 11 10 9 8 7 6 5 4 3 2 1
1 2 3 4 5 6 7 8 9 10 11 12 13 14 15 16 17 18 19 20
2 3 4 5 1 6 7 8 9 10 11 12 13 14 15 16 17 18 19 20
2 3 4 5 1 6 7 8 9 10 11 12 13 14 15 16 17 18 19 20
2 3 4 5 1 6 7 8 9 10 11 12 13 14 15 16 17 18 19 20
3 4 5 1 2 6 7 8 9 10 11 12 13 14 15 16 17 18 19 20
3 4 5 1 2 6 7 8 9 10 11 12 13 14 15 16 17 18 19 20
1 2 3 4 5 6 7 8 9 10 11 12 13 14 15 16 17 18 19 20
20 19 18 17 16 15 14 13 12 11 10 9 8 7 6 5 4 3 2 1
1 2 3 4 5 6 7 8 9 10 11 12 13 14 15 16 17 18 19 20
20 19 18 17 16 15 14 13 12 11 10 9 8 7 6 5 4 3 2 1
1 2 3 4 5 6 7 8 9 10 11 12 13 14 15 16 17 18 19 20
2 3 4 5 1 6 7 8 9 10 11 12 13 14 15 16 17 18 19 20
2 3 4 5 1 6 7 8 9 10 11 12 13 14 15 16 17 18 19 20
2 3 4 5 1 6 7 8 9 10 11 12 13 14 15 16 17 18 19 20
3 4 5 1 2 6 7 8 9 10 11 12 13 14 15 16 17 18 19 20
3 4 5 1 2 6 7 8 9 10 11 12 13 14 15 16 17 18 19 20
1 2 3 4 5 6 7 8 9 10 11 12 13 14 15 16 17 18 19 20
20 19 18 17 16 15 14 13 12 11 10 9 8 7 6 5 4 3 2 1
1 2 3 4 5 6 7 8 9 10 11 12 13 14 15 16 17 18 19 20
20 19 18 17 16 15 14 13 12 11 10 9 8 7 6 5 4 3 2 1
1 2 3 4 5 6 7 8 9 10 11 12 13 14 15 16 17 18 19 20
2 3 4 5 1 6 7 8 9 10 11 12 13 14 15 16 17 18 19 20
2 3 4 5 1 6 7 8 9 10 11 12 13 14 15 16 17 18 19 20
2 3 4 5 1 6 7 8 9 10 11 12 13 14 15 16 17 18 19 20
3 4 5 1 2 6 7 8 9 10 11 12 13 14 15 16 17 18 19 20
3 4 5 1 2 6 7 8 9 10 11 12 13 14 15 16 17 18 19 20
1 2 3 4 5 6 7 8 9 10 11 12 13 14 15 16 17 18 19 20
20 19 18 17 16 15 14 13 12 11 10 9 8 7 6 5 4 3 2 1
1 2 3 4 5 6 7 8 9 10 11 12 13 14 15 16 17 18 19 20
20 19 18 17 16 15 14 13 12 11 10 9 8 7 6 5 4 3 2 1
1 2 3 4 5 6 7 8 9 10 11 12 13 14 15 16 17 18 19 20
2 3 4 5 1 6 7 8 9 10 11 12 13 14 15 16 17 18 19 20
2 3 4 5 1 6 7 8 9 10 11 12 13 14 15 16 17 18 19 20
2 3 4 5 1 6 7 8 9 10 11 12 13 14 15 16 17 18 19 20
3 4 5 1 2 6 7 8 9 10 11 12 13 14 15 16 17 18 19 20
3 4 5 1 2 6 7 8 9 10 11 12 13 14 15 16 17 18 19 20
1 2 3 4 5 6 7 8 9 10 11 12 13 14 15 16 17 18 19 20
20 19 18 17 16 15 14 13 12 11 10 9 8 7 6 5 4 3 2 1
1 2 3 4 5 6 7 8 9 10 11 12 13 14 15 16 17 18 19 20
20 19 18 17 16 15 14 13 12 11 10 9 8 7 6 5 4 3 2 1
1 2 3 4 5 6 7 8 9 10 11 12 13 14 15 16 17 18 19 20
2 3 4 5 1 6 7 8 9 10 11 12 13 14 15 16 17 18 19 20
2 3 4 5 1 6 7 8 9 10 11 12 13 14 15 16 17 18 19 20
2 3 4 5 1 6 7 8 9 10 11 12 13 14 15 16 17 18 19 20
3 4 5 1 2 6 7 8 9 10 11 12 13 14 15 16 17 18 19 20
3 4 5 1 2 6 7 8 9 10 11 12 13 14 15 16 17 18 19 20
1 2 3 4 5 6 7 8 9 10 11 12 13 14 15 16 17 18 19 20
20 19 18 17 16 15 14 13 12 11 10 9 8 7 6 5 4 3 2 1
1 2 3 4 5 6 7 8 9 10 11 12 13 14 15 16 17 18 19 20
20 19 18 17 16 15 14 13 12 11 10 9 8 7 6 5 4 3 2 1
1 2 3 4 5 6 7 8 9 10 11 12 13 14 15 16 17 18 19 20
2 3 4 5 1 6 7 8 9 10 11 12 13 14 15 16 17 18 19 20
2 3 4 5 1 6 7 8 9 10 11 12 13 14 15 16 17 18 19 20
2 3 4 5 1 6 7 8 9 10 11 12 13 14 15 16 17 18 19 20
3 4 5 1 2 6 7 8 9 10 11 12 13 14 15 16 17 18 19 20
3 4 5 1 2 6 7 8 9 10 11 12 13 14 15 16 17 18 19 20
1 2 3 4 5 6 7 8 9 10 11 12 13 14 15 16 17 18 19 20
20 19 18 17 16 15 14 13 12 11 10 9 8 7 6 5 4 3 2 1
1 2 3 4 5 6 7 8 9 10 11 12 13 14 15 16 17 18 19 20
20 19 18 17 16 15 14 13 12 11 10 9 8 7 6 5 4 3 2 1
1 2 3 4 5 6 7 8 9 10 11 12 13 14 15 16 17 18 19 20
2 3 4 5 1 6 7 8 9 10 11 12 13 14 15 16 17 18 19 20
2 3 4 5 1 6 7 8 9 10 11 12 13 14 15 16 17 18 19 20
2 3 4 5 1 6 7 8 9 10 11 12 13 14 15 16 17 18 19 20
3 4 5 1 2 6 7 8 9 10 11 12 13 14 15 16 17 18 19 20
3 4 5 1 2 6 7 8 9 10 11 12 13 14 15 16 17 18 19 20
1 2 3 4 5 6 7 8 9 10 11 12 13 14 15 16 17 18 19 20
20 19 18 17 16 15 14 13 12 11 10 9 8 7 6 5 4 3 2 1
1 2 3 4 5 6 7 8 9 10 11 12 13 14 15 16 17 18 19 20
20 19 18 17 16 15 14 13 12 11 10 9 8 7 6 5 4 3 2 1
1 2 3 4 5 6 7 8 9 10 11 12 13 14 15 16 17 18 19 20
2 3 4 5 1 6 7 8 9 10 11 12 13 14 15 16 17 18 19 20
2 3 4 5 1 6 7 8 9 10 11 12 13 14 15 16 17 18 19 20
2 3 4 5 1 6 7 8 9 10 11 12 13 14 15 16 17 18 19 20
3 4 5 1 2 6 7 8 9 10 11 12 13 14 15 16 17 18 19 20
3 4 5 1 2 6 7 8 9 10 11 12 13 14 15 16 17 18 19 20
1 2 3 4 5 6 7 8 9 10 11 12 13 14 15 16 17 18 19 20
20 19 18 17 16 15 14 13 12 11 10 9 8 7 6 5 4 3 2 1
1 2 3 4 5 6 7 8 9 10 11 12 13 14 15 16 17 18 19 20
20 19 18 17 16 15 14 13 12 11 10 9 8 7 6 5 4 3 2 1
1 2 3 4 5 6 7 8 9 10 11 12 13 14 15 16 17 18 19 20
2 3 4 5 1 6 7 8 9 10 11 12 13 14 15 16 17 18 19 20
2 3 4 5 1 6 7 8 9 10 11 12 13 14 15 16 17 18 19 20
2 3 4 5 1 6 7 8 9 10 11 12 13 14 15 16 17 18 19 20
3 4 5 1 2 6 7 8 9 10 11 12 13 14 15 16 17 18 19 20
3 4 5 1 2 6 7 8 9 10 11 12 13 14 15 16 17 18 19 20
1 2 3 4 5 6 7 8 9 10 11 12 13 14 15 16 17 18 19 20
20 19 18 17 16 15 14 13 12 11 10 9 8 7 6 5 4 3 2 1
1 2 3 4 5 6 7 8 9 10 11 12 13 14 15 16 17 18 19 20
20 19 18 17 16 15 14 13 12 11 10 9 8 7 6 5 4 3 2 1
1 2 3 4 5 6 7 8 9 10 11 12 13 14 15 16 17 18 19 20
2 3 4 5 1 6 7 8 9 10 11 12 13 14 15 16 17 18 19 20
2 3 4 5 1 6 7 8 9 10 11 12 13 14 15 16 17 18 19 20
2 3 4 5 1 6 7 8 9 10 11 12 13 14 15 16 17 18 19 20
3 4 5 1 2 6 7 8 9 10 11 12 13 14 15 16 17 18 19 20
3 4 5 1 2 6 7 8 9 10 11 12 13 14 15 16 17 18 19 20
1 2 3 4 5 6 7 8 9 10 11 12 13 14 15 16 17 18 19 20
20 19 18 17 16 15 14 13 12 11 10 9 8 7 6 5 4 3 2 1
1 2 3 4 5 6 7 8 9 10 11 12 13 14 15 16 17 18 19 20
20 19 18 17 16 15 14 13 12 11 10 9 8 7 6 5 4 3 2 1
1 2 3 4 5 6 7 8 9 10 11 12 13 14 15 16 17 18 19 20
2 3 4 5 1 6 7 8 9 10 11 12 13 14 15 16 17 18 19 20
2 3 4 5 1 6 7 8 9 10 11 12 13 14 15 16 17 18 19 20
2 3 4 5 1 6 7 8 9 10 11 12 13 14 15 16 17 18 19 20
3 4 5 1 2 6 7 8 9 10 11 12 13 14 15 16 17 18 19 20
3 4 5 1 2 6 7 8 9 10 11 12 13 14 15 16 17 18 19 20
1 2 3 4 5 6 7 8 9 10 11 12 13 14 15 16 17 18 19 20
20 19 18 17 16 15 14 13 12 11 10 9 8 7 6 5 4 3 2 1
1 2 3 4 5 6 7 8 9 10 11 12 13 14 15 16 17 18 19 20
20 19 18 17 16 15 14 13 12 11 10 9 8 7 6 5 4 3 2 1
1 2 3 4 5 6 7 8 9 10 11 12 13 14 15 16 17 18 19 20
2 3 4 5 1 6 7 8 9 10 11 12 13 14 15 16 17 18 19 20
2 3 4 5 1 6 7 8 9 10 11 12 13 14 15 16 17 18 19 20
2 3 4 5 1 6 7 8 9 10 11 12 13 14 15 16 17 18 19 20
3 4 5 1 2 6 7 8 9 10 11 12 13 14 15 16 17 18 19 20
3 4 5 1 2 6 7 8 9 10 11 12 13 14 15 16 17 18 19 20
1 2 3 4 5 6 7 8 9 10 11 12 13 14 15 16 17 18 19 20
20 19 18 17 16 15 14 13 12 11 10 9 8 7 6 5 4 3 2 1
1 2 3 4 5 6 7 8 9 10 11 12 13 14 15 16 17 18 19 20
20 19 18 17 16 15 14 13 12 11 10 9 8 7 6 5 4 3 2 1
1 2 3 4 5 6 7 8 9 10 11 12 13 14 15 16 17 18 19 20
2 3 4 5 1 6 7 8 9 10 11 12 13 14 15 16 17 18 19 20
2 3 4 5 1 6 7 8 9 10 11 12 13 14 15 16 17 18 19 20
2 3 4 5 1 6 7 8 9 10 11 12 13 14 15 16 17 18 19 20
3 4 5 1 2 6 7 8 9 10 11 12 13 14 15 16 17 18 19 20
3 4 5 1 2 6 7 8 9 10 11 12 13 14 15 16 17 18 19 20
1 2 3 4 5 6 7 8 9 10 11 12 13 14 15 16 17 18 19 20
20 19 18 17 16 15 14 13 12 11 10 9 8 7 6 5 4 3 2 1
1 2 3 4 5 6 7 8 9 10 11 12 13 14 15 16 17 18 19 20
20 19 18 17 16 15 14 13 12 11 10 9 8 7 6 5 4 3 2 1
1 2 3 4 5 6 7 8 9 10 11 12 13 14 15 16 17 18 19 20
2 3 4 5 1 6 7 8 9 10 11 12 13 14 15 16 17 18 19 20
2 3 4 5 1 6 7 8 9 10 11 12 13 14 15 16 17 18 19 20
2 3 4 5 1 6 7 8 9 10 11 12 13 14 15 16 17 18 19 20
3 4 5 1 2 6 7 8 9 10 11 12 13 14 15 16 17 18 19 20
3 4 5 1 2 6 7 8 9 10 11 12 13 14 15 16 17 18 19 20
1 2 3 4 5 6 7 8 9 10 11 12 13 14 15 16 17 18 19 20
20 19 18 17 16 15 14 13 12 11 10 9 8 7 6 5 4 3 2 1
1 2 3 4 5 6 7 8 9 10 11 12 13 14 15 16 17 18 19 20
20 19 18 17 16 15 14 13 12 11 10 9 8 7 6 5 4 3 2 1
1 2 3 4 5 6 7 8 9 10 11 12 13 14 15 16 17 18 19 20
2 3 4 5 1 6 7 8 9 10 11 12 13 14 15 16 17 18 19 20
2 3 4 5 1 6 7 8 9 10 11 12 13 14 15 16 17 18 19 20
2 3 4 5 1 6 7 8 9 10 11 12 13 14 15 16 17 18 19 20
3 4 5 1 2 6 7 8 9 10 11 12 13 14 15 16 17 18 19 20
3 4 5 1 2 6 7 8 9 10 11 12 13 14 15 16 17 18 19 20
1 2 3 4 5 6 7 8 9 10 11 12 13 14 15 16 17 18 19 20
20 19 18 17 16 15 14 13 12 11 10 9 8 7 6 5 4 3 2 1
1 2 3 4 5 6 7 8 9 10 11 12 13 14 15 16 17 18 19 20
20 19 18 17 16 15 14 13 12 11 10 9 8 7 6 5 4 3 2 1
1 2 3 4 5 6 7 8 9 10 11 12 13 14 15 16 17 18 19 20
2 3 4 5 1 6 7 8 9 10 11 12 13 14 15 16 17 18 19 20
2 3 4 5 1 6 7 8 9 10 11 12 13 14 15 16 17 18 19 20
2 3 4 5 1 6 7 8 9 10 11 12 13 14 15 16 17 18 19 20
3 4 5 1 2 6 7 8 9 10 11 12 13 14 15 16 17 18 19 20
3 4 5 1 2 6 7 8 9 10 11 12 13 14 15 16 17 18 19 20
1 2 3 4 5 6 7 8 9 10 11 12 13 14 15 16 17 18 19 20
20 19 18 17 16 15 14 13 12 11 10 9 8 7 6 5 4 3 2 1
1 2 3 4 5 6 7 8 9 10 11 12 13 14 15 16 17 18 19 20
20 19 18 17 16 15 14 13 12 11 10 9 8 7 6 5 4 3 2 1
1 2 3 4 5 6 7 8 9 10 11 12 13 14 15 16 17 18 19 20
2 3 4 5 1 6 7 8 9 10 11 12 13 14 15 16 17 18 19 20
2 3 4 5 1 6 7 8 9 10 11 12 13 14 15 16 17 18 19 20
2 3 4 5 1 6 7 8 9 10 11 12 13 14 15 16 17 18 19 20
3 4 5 1 2 6 7 8 9 10 11 12 13 14 15 16 17 18 19 20
3 4 5 1 2 6 7 8 9 10 11 12 13 14 15 16 17 18 19 20
1 2 3 4 5 6 7 8 9 10 11 12 13 14 15 16 17 18 19 20
20 19 18 17 16 15 14 13 12 11 10 9 8 7 6 5 4 3 2 1
1 2 3 4 5 6 7 8 9 10 11 12 13 14 15 16 17 18 19 20
20 19 18 17 16 15 14 13 12 11 10 9 8 7 6 5 4 3 2 1
1 2 3 4 5 6 7 8 9 10 11 12 13 14 15 16 17 18 19 20
2 3 4 5 1 6 7 8 9 10 11 12 13 14 15 16 17 18 19 20
2 3 4 5 1 6 7 8 9 10 11 12 13 14 15 16 17 18 19 20
2 3 4 5 1 6 7 8 9 10 11 12 13 14 15 16 17 18 19 20
3 4 5 1 2 6 7 8 9 10 11 12 13 14 15 16 17 18 19 20
3 4 5 1 2 6 7 8 9 10 11 12 13 14 15 16 17 18 19 20
1 2 3 4 5 6 7 8 9 10 11 12 13 14 15 16 17 18 19 20
20 19 18 17 16 15 14 13 12 11 10 9 8 7 6 5 4 3 2 1
1 2 3 4 5 6 7 8 9 10 11 12 13 14 15 16 17 18 19 20
20 19 18 17 16 15 14 13 12 11 10 9 8 7 6 5 4 3 2 1
1 2 3 4 5 6 7 8 9 10 11 12 13 14 15 16 17 18 19 20
2 3 4 5 1 6 7 8 9 10 11 12 13 14 15 16 17 18 19 20
2 3 4 5 1 6 7 8 9 10 11 12 13 14 15 16 17 18 19 20
2 3 4 5 1 6 7 8 9 10 11 12 13 14 15 16 17 18 19 20
3 4 5 1 2 6 7 8 9 10 11 12 13 14 15 16 17 18 19 20
3 4 5 1 2 6 7 8 9 10 11 12 13 14 15 16 17 18 19 20
1 2 3 4 5 6 7 8 9 10 11 12 13 14 15 16 17 18 19 20
20 19 18 17 16 15 14 13 12 11 10 9 8 7 6 5 4 3 2 1
1 2 3 4 5 6 7 8 9 10 11 12 13 14 15 16 17 18 19 20
20 19 18 17 16 15 14 13 12 11 10 9 8 7 6 5 4 3 2 1
1 2 3 4 5 6 7 8 9 10 11 12 13 14 15 16 17 18 19 20
2 3 4 5 1 6 7 8 9 10 11 12 13 14 15 16 17 18 19 20
2 3 4 5 1 6 7 8 9 10 11 12 13 14 15 16 17 18 19 20
2 3 4 5 1 6 7 8 9 10 11 12 13 14 15 16 17 18 19 20
3 4 5 1 2 6 7 8 9 10 11 12 13 14 15 16 17 18 19 20
3 4 5 1 2 6 7 8 9 10 11 12 13 14 15 16 17 18 19 20
1 2 3 4 5 6 7 8 9 10 11 12 13 14 15 16 17 18 19 20
20 19 18 17 16 15 14 13 12 11 10 9 8 7 6 5 4 3 2 1
1 2 3 4 5 6 7 8 9 10 11 12 13 14 15 16 17 18 19 20
20 19 18 17 16 15 14 13 12 11 10 9 8 7 6 5 4 3 2 1
1 2 3 4 5 6 7 8 9 10 11 12 13 14 15 16 17 18 19 20
2 3 4 5 1 6 7 8 9 10 11 12 13 14 15 16 17 18 19 20
2 3 4 5 1 6 7 8 9 10 11 12 13 14 15 16 17 18 19 20
2 3 4 5 1 6 7 8 9 10 11 12 13 14 15 16 17 18 19 20
3 4 5 1 2 6 7 8 9 10 11 12 13 14 15 16 17 18 19 20
3 4 5 1 2 6 7 8 9 10 11 12 13 14 15 16 17 18 19 20
1 2 3 4 5 6 7 8 9 10 11 12 13 14 15 16 17 18 19 20
20 19 18 17 16 15 14 13 12 11 10 9 8 7 6 5 4 3 2 1
1 2 3 4 5 6 7 8 9 10 11 12 13 14 15 16 17 18 19 20
20 19 18 17 16 15 14 13 12 11 10 9 8 7 6 5 4 3 2 1
1 2 3 4 5 6 7 8 9 10 11 12 13 14 15 16 17 18 19 20
2 3 4 5 1 6 7 8 9 10 11 12 13 14 15 16 17 18 19 20
2 3 4 5 1 6 7 8 9 10 11 12 13 14 15 16 17 18 19 20
2 3 4 5 1 6 7 8 9 10 11 12 13 14 15 16 17 18 19 20
3 4 5 1 2 6 7 8 9 10 11 12 13 14 15 16 17 18 19 20
3 4 5 1 2 6 7 8 9 10 11 12 13 14 15 16 17 18 19 20
1 2 3 4 5 6 7 8 9 10 11 12 13 14 15 16 17 18 19 20
20 19 18 17 16 15 14 13 12 11 10 9 8 7 6 5 4 3 2 1
1 2 3 4 5 6 7 8 9 10 11 12 13 14 15 16 17 18 19 20
20 19 18 17 16 15 14 13 12 11 10 9 8 7 6 5 4 3 2 1
1 2 3 4 5 6 7 8 9 10 11 12 13 14 15 16 17 18 19 20
2 3 4 5 1 6 7 8 9 10 11 12 13 14 15 16 17 18 19 20
2 3 4 5 1 6 7 8 9 10 11 12 13 14 15 16 17 18 19 20
2 3 4 5 1 6 7 8 9 10 11 12 13 14 15 16 17 18 19 20
3 4 5 1 2 6 7 8 9 10 11 12 13 14 15 16 17 18 19 20
3 4 5 1 2 6 7 8 9 10 11 12 13 14 15 16 17 18 19 20
1 2 3 4 5 6 7 8 9 10 11 12 13 14 15 16 17 18 19 20
20 19 18 17 16 15 14 13 12 11 10 9 8 7 6 5 4 3 2 1
1 2 3 4 5 6 7 8 9 10 11 12 13 14 15 16 17 18 19 20
20 19 18 17 16 15 14 13 12 11 10 9 8 7 6 5 4 3 2 1
1 2 3 4 5 6 7 8 9 10 11 12 13 14 15 16 17 18 19 20
2 3 4 5 1 6 7 8 9 10 11 12 13 14 15 16 17 18 19 20
2 3 4 5 1 6 7 8 9 10 11 12 13 14 15 16 17 18 19 20
2 3 4 5 1 6 7 8 9 10 11 12 13 14 15 16 17 18 19 20
3 4 5 1 2 6 7 8 9 10 11 12 13 14 15 16 17 18 19 20
3 4 5 1 2 6 7 8 9 10 11 12 13 14 15 16 17 18 19 20
1 2 3 4 5 6 7 8 9 10 11 12 13 14 15 16 17 18 19 20
20 19 18 17 16 15 14 13 12 11 10 9 8 7 6 5 4 3 2 1
1 2 3 4 5 6 7 8 9 10 11 12 13 14 15 16 17 18 19 20
20 19 18 17 16 15 14 13 12 11 10 9 8 7 6 5 4 3 2 1
1 2 3 4 5 6 7 8 9 10 11 12 13 14 15 16 17 18 19 20
2 3 4 5 1 6 7 8 9 10 11 12 13 14 15 16 17 18 19 20
2 3 4 5 1 6 7 8 9 10 11 12 13 14 15 16 17 18 19 20
2 3 4 5 1 6 7 8 9 10 11 12 13 14 15 16 17 18 19 20
3 4 5 1 2 6 7 8 9 10 11 12 13 14 15 16 17 18 19 20
3 4 5 1 2 6 7 8 9 10 11 12 13 14 15 16 17 18 19 20
1 2 3 4 5 6 7 8 9 10 11 12 13 14 15 16 17 18 19 20
20 19 18 17 16 15 14 13 12 11 10 9 8 7 6 5 4 3 2 1
1 2 3 4 5 6 7 8 9 10 11 12 13 14 15 16 17 18 19 20
20 19 18 17 16 15 14 13 12 11 10 9 8 7 6 5 4 3 2 1
1 2 3 4 5 6 7 8 9 10 11 12 13 14 15 16 17 18 19 20
2 3 4 5 1 6 7 8 9 10 11 12 13 14 15 16 17 18 19 20
2 3 4 5 1 6 7 8 9 10 11 12 13 14 15 16 17 18 19 20
2 3 4 5 1 6 7 8 9 10 11 12 13 14 15 16 17 18 19 20
3 4 5 1 2 6 7 8 9 10 11 12 13 14 15 16 17 18 19 20
3 4 5 1 2 6 7 8 9 10 11 12 13 14 15 16 17 18 19 20
1 2 3 4 5 6 7 8 9 10 11 12 13 14 15 16 17 18 19 20
20 19 18 17 16 15 14 13 12 11 10 9 8 7 6 5 4 3 2 1
1 2 3 4 5 6 7 8 9 10 11 12 13 14 15 16 17 18 19 20
20 19 18 17 16 15 14 13 12 11 10 9 8 7 6 5 4 3 2 1
1 2 3 4 5 6 7 8 9 10 11 12 13 14 15 16 17 18 19 20
2 3 4 5 1 6 7 8 9 10 11 12 13 14 15 16 17 18 19 20
2 3 4 5 1 6 7 8 9 10 11 12 13 14 15 16 17 18 19 20
2 3 4 5 1 6 7 8 9 10 11 12 13 14 15 16 17 18 19 20
3 4 5 1 2 6 7 8 9 10 11 12 13 14 15 16 17 18 19 20
3 4 5 1 2 6 7 8 9 10 11 12 13 14 15 16 17 18 19 20
1 2 3 4 5 6 7 8 9 10 11 12 13 14 15 16 17 18 19 20
20 19 18 17 16 15 14 13 12 11 10 9 8 7 6 5 4 3 2 1
1 2 3 4 5 6 7 8 9 10 11 12 13 14 15 16 17 18 19 20
20 19 18 17 16 15 14 13 12 11 10 9 8 7 6 5 4 3 2 1
1 2 3 4 5 6 7 8 9 10 11 12 13 14 15 16 17 18 19 20
2 3 4 5 1 6 7 8 9 10 11 12 13 14 15 16 17 18 19 20
2 3 4 5 1 6 7 8 9 10 11 12 13 14 15 16 17 18 19 20
2 3 4 5 1 6 7 8 9 10 11 12 13 14 15 16 17 18 19 20
3 4 5 1 2 6 7 8 9 10 11 12 13 14 15 16 17 18 19 20
3 4 5 1 2 6 7 8 9 10 11 12 13 14 15 16 17 18 19 20
1 2 3 4 5 6 7 8 9 10 11 12 13 14 15 16 17 18 19 20
20 19 18 17 16 15 14 13 12 11 10 9 8 7 6 5 4 3 2 1
1 2 3 4 5 6 7 8 9 10 11 12 13 14 15 16 17 18 19 20
20 19 18 17 16 15 14 13 12 11 10 9 8 7 6 5 4 3 2 1
1 2 3 4 5 6 7 8 9 10 11 12 13 14 15 16 17 18 19 20
2 3 4 5 1 6 7 8 9 10 11 12 13 14 15 16 17 18 19 20
2 3 4 5 1 6 7 8 9 10 11 12 13 14 15 16 17 18 19 20
2 3 4 5 1 6 7 8 9 10 11 12 13 14 15 16 17 18 19 20
3 4 5 1 2 6 7 8 9 10 11 12 13 14 15 16 17 18 19 20
3 4 5 1 2 6 7 8 9 10 11 12 13 14 15 16 17 18 19 20
1 2 3 4 5 6 7 8 9 10 11 12 13 14 15 16 17 18 19 20
20 19 18 17 16 15 14 13 12 11 10 9 8 7 6 5 4 3 2 1
1 2 3 4 5 6 7 8 9 10 11 12 13 14 15 16 17 18 19 20
20 19 18 17 16 15 14 13 12 11 10 9 8 7 6 5 4 3 2 1
1 2 3 4 5 6 7 8 9 10 11 12 13 14 15 16 17 18 19 20
2 3 4 5 1 6 7 8 9 10 11 12 13 14 15 16 17 18 19 20
2 3 4 5 1 6 7 8 9 10 11 12 13 14 15 16 17 18 19 20
2 3 4 5 1 6 7 8 9 10 11 12 13 14 15 16 17 18 19 20
3 4 5 1 2 6 7 8 9 10 11 12 13 14 15 16 17 18 19 20
3 4 5 1 2 6 7 8 9 10 11 12 13 14 15 16 17 18 19 20
1 2 3 4 5 6 7 8 9 10 11 12 13 14 15 16 17 18 19 20
20 19 18 17 16 15 14 13 12 11 10 9 8 7 6 5 4 3 2 1
1 2 3 4 5 6 7 8 9 10 11 12 13 14 15 16 17 18 19 20
20 19 18 17 16 15 14 13 12 11 10 9 8 7 6 5 4 3 2 1
1 2 3 4 5 6 7 8 9 10 11 12 13 14 15 16 17 18 19 20
2 3 4 5 1 6 7 8 9 10 11 12 13 14 15 16 17 18 19 20
2 3 4 5 1 6 7 8 9 10 11 12 13 14 15 16 17 18 19 20
2 3 4 5 1 6 7 8 9 10 11 12 13 14 15 16 17 18 19 20
3 4 5 1 2 6 7 8 9 10 11 12 13 14 15 16 17 18 19 20
3 4 5 1 2 6 7 8 9 10 11 12 13 14 15 16 17 18 19 20
1 2 3 4 5 6 7 8 9 10 11 12 13 14 15 16 17 18 19 20
20 19 18 17 16 15 14 13 12 11 10 9 8 7 6 5 4 3 2 1
1 2 3 4 5 6 7 8 9 10 11 12 13 14 15 16 17 18 19 20
20 19 18 17 16 15 14 13 12 11 10 9 8 7 6 5 4 3 2 1
1 2 3 4 5 6 7 8 9 10 11 12 13 14 15 16 17 18 19 20
2 3 4 5 1 6 7 8 9 10 11 12 13 14 15 16 17 18 19 20
2 3 4 5 1 6 7 8 9 10 11 12 13 14 15 16 17 18 19 20
2 3 4 5 1 6 7 8 9 10 11 12 13 14 15 16 17 18 19 20
3 4 5 1 2 6 7 8 9 10 11 12 13 14 15 16 17 18 19 20
3 4 5 1 2 6 7 8 9 10 11 12 13 14 15 16 17 18 19 20
1 2 3 4 5 6 7 8 9 10 11 12 13 14 15 16 17 18 19 20
20 19 18 17 16 15 14 13 12 11 10 9 8 7 6 5 4 3 2 1
1 2 3 4 5 6 7 8 9 10 11 12 13 14 15 16 17 18 19 20
20 19 18 17 16 15 14 13 12 11 10 9 8 7 6 5 4 3 2 1
1 2 3 4 5 6 7 8 9 10 11 12 13 14 15 16 17 18 19 20
2 3 4 5 1 6 7 8 9 10 11 12 13 14 15 16 17 18 19 20
2 3 4 5 1 6 7 8 9 10 11 12 13 14 15 16 17 18 19 20
2 3 4 5 1 6 7 8 9 10 11 12 13 14 15 16 17 18 19 20
3 4 5 1 2 6 7 8 9 10 11 12 13 14 15 16 17 18 19 20
3 4 5 1 2 6 7 8 9 10 11 12 13 14 15 16 17 18 19 20
1 2 3 4 5 6 7 8 9 10 11 12 13 14 15 16 17 18 19 20
20 19 18 17 16 15 14 13 12 11 10 9 8 7 6 5 4 3 2 1
1 2 3 4 5 6 7 8 9 10 11 12 13 14 15 16 17 18 19 20
20 19 18 17 16 15 14 13 12 11 10 9 8 7 6 5 4 3 2 1
1 2 3 4 5 6 7 8 9 10 11 12 13 14 15 16 17 18 19 20
2 3 4 5 1 6 7 8 9 10 11 12 13 14 15 16 17 18 19 20
2 3 4 5 1 6 7 8 9 10 11 12 13 14 15 16 17 18 19 20
2 3 4 5 1 6 7 8 9 10 11 12 13 14 15 16 17 18 19 20
3 4 5 1 2 6 7 8 9 10 11 12 13 14 15 16 17 18 19 20
3 4 5 1 2 6 7 8 9 10 11 12 13 14 15 16 17 18 19 20
1 2 3 4 5 6 7 8 9 10 11 12 13 14 15 16 17 18 19 20
20 19 18 17 16 15 14 13 12 11 10 9 8 7 6 5 4 3 2 1
1 2 3 4 5 6 7 8 9 10 11 12 13 14 15 16 17 18 19 20
20 19 18 17 16 15 14 13 12 11 10 9 8 7 6 5 4 3 2 1
1 2 3 4 5 6 7 8 9 10 11 12 13 14 15 16 17 18 19 20
2 3 4 5 1 6 7 8 9 10 11 12 13 14 15 16 17 18 19 20
2 3 4 5 1 6 7 8 9 10 11 12 13 14 15 16 17 18 19 20
2 3 4 5 1 6 7 8 9 10 11 12 13 14 15 16 17 18 19 20
3 4 5 1 2 6 7 8 9 10 11 12 13 14 15 16 17 18 19 20
3 4 5 1 2 6 7 8 9 10 11 12 13 14 15 16 17 18 19 20
1 2 3 4 5 6 7 8 9 10 11 12 13 14 15 16 17 18 19 20
20 19 18 17 16 15 14 13 12 11 10 9 8 7 6 5 4 3 2 1
1 2 3 4 5 6 7 8 9 10 11 12 13 14 15 16 17 18 19 20
20 19 18 17 16 15 14 13 12 11 10 9 8 7 6 5 4 3 2 1
1 2 3 4 5 6 7 8 9 10 11 12 13 14 15 16 17 18 19 20
2 3 4 5 1 6 7 8 9 10 11 12 13 14 15 16 17 18 19 20
2 3 4 5 1 6 7 8 9 10 11 12 13 14 15 16 17 18 19 20
2 3 4 5 1 6 7 8 9 10 11 12 13 14 15 16 17 18 19 20
3 4 5 1 2 6 7 8 9 10 11 12 13 14 15 16 17 18 19 20
3 4 5 1 2 6 7 8 9 10 11 12 13 14 15 16 17 18 19 20
1 2 3 4 5 6 7 8 9 10 11 12 13 14 15 16 17 18 19 20
20 19 18 17 16 15 14 13 12 11 10 9 8 7 6 5 4 3 2 1
1 2 3 4 5 6 7 8 9 10 11 12 13 14 15 16 17 18 19 20
20 19 18 17 16 15 14 13 12 11 10 9 8 7 6 5 4 3 2 1
1 2 3 4 5 6 7 8 9 10 11 12 13 14 15 16 17 18 19 20
2 3 4 5 1 6 7 8 9 10 11 12 13 14 15 16 17 18 19 20
2 3 4 5 1 6 7 8 9 10 11 12 13 14 15 16 17 18 19 20
2 3 4 5 1 6 7 8 9 10 11 12 13 14 15 16 17 18 19 20
3 4 5 1 2 6 7 8 9 10 11 12 13 14 15 16 17 18 19 20
3 4 5 1 2 6 7 8 9 10 11 12 13 14 15 16 17 18 19 20
1 2 3 4 5 6 7 8 9 10 11 12 13 14 15 16 17 18 19 20
20 19 18 17 16 15 14 13 12 11 10 9 8 7 6 5 4 3 2 1
1 2 3 4 5 6 7 8 9 10 11 12 13 14 15 16 17 18 19 20
20 19 18 17 16 15 14 13 12 11 10 9 8 7 6 5 4 3 2 1
1 2 3 4 5 6 7 8 9 10 11 12 13 14 15 16 17 18 19 20
2 3 4 5 1 6 7 8 9 10 11 12 13 14 15 16 17 18 19 20
2 3 4 5 1 6 7 8 9 10 11 12 13 14 15 16 17 18 19 20
2 3 4 5 1 6 7 8 9 10 11 12 13 14 15 16 17 18 19 20
3 4 5 1 2 6 7 8 9 10 11 12 13 14 15 16 17 18 19 20
3 4 5 1 2 6 7 8 9 10 11 12 13 14 15 16 17 18 19 20
1 2 3 4 5 6 7 8 9 10 11 12 13 14 15 16 17 18 19 20
20 19 18 17 16 15 14 13 12 11 10 9 8 7 6 5 4 3 2 1
1 2 3 4 5 6 7 8 9 10 11 12 13 14 15 16 17 18 19 20
20 19 18 17 16 15 14 13 12 11 10 9 8 7 6 5 4 3 2 1
1 2 3 4 5 6 7 8 9 10 11 12 13 14 15 16 17 18 19 20
2 3 4 5 1 6 7 8 9 10 11 12 13 14 15 16 17 18 19 20
2 3 4 5 1 6 7 8 9 10 11 12 13 14 15 16 17 18 19 20
2 3 4 5 1 6 7 8 9 10 11 12 13 14 15 16 17 18 19 20
3 4 5 1 2 6 7 8 9 10 11 12 13 14 15 16 17 18 19 20
3 4 5 1 2 6 7 8 9 10 11 12 13 14 15 16 17 18 19 20
1 2 3 4 5 6 7 8 9 10 11 12 13 14 15 16 17 18 19 20
20 19 18 17 16 15 14 13 12 11 10 9 8 7 6 5 4 3 2 1
1 2 3 4 5 6 7 8 9 10 11 12 13 14 15 16 17 18 19 20
20 19 18 17 16 15 14 13 12 11 10 9 8 7 6 5 4 3 2 1
1 2 3 4 5 6 7 8 9 10 11 12 13 14 15 16 17 18 19 20
2 3 4 5 1 6 7 8 9 10 11 12 13 14 15 16 17 18 19 20
2 3 4 5 1 6 7 8 9 10 11 12 13 14 15 16 17 18 19 20
2 3 4 5 1 6 7 8 9 10 11 12 13 14 15 16 17 18 19 20
3 4 5 1 2 6 7 8 9 10 11 12 13 14 15 16 17 18 19 20
3 4 5 1 2 6 7 8 9 10 11 12 13 14 15 16 17 18 19 20
1 2 3 4 5 6 7 8 9 10 11 12 13 14 15 16 17 18 19 20
20 19 18 17 16 15 14 13 12 11 10 9 8 7 6 5 4 3 2 1
1 2 3 4 5 6 7 8 9 10 11 12 13 14 15 16 17 18 19 20
20 19 18 17 16 15 14 13 12 11 10 9 8 7 6 5 4 3 2 1
1 2 3 4 5 6 7 8 9 10 11 12 13 14 15 16 17 18 19 20
2 3 4 5 1 6 7 8 9 10 11 12 13 14 15 16 17 18 19 20
2 3 4 5 1 6 7 8 9 10 11 12 13 14 15 16 17 18 19 20
2 3 4 5 1 6 7 8 9 10 11 12 13 14 15 16 17 18 19 20
3 4 5 1 2 6 7 8 9 10 11 12 13 14 15 16 17 18 19 20
3 4 5 1 2 6 7 8 9 10 11 12 13 14 15 16 17 18 19 20
1 2 3 4 5 6 7 8 9 10 11 12 13 14 15 16 17 18 19 20
20 19 18 17 16 15 14 13 12 11 10 9 8 7 6 5 4 3 2 1
1 2 3 4 5 6 7 8 9 10 11 12 13 14 15 16 17 18 19 20
20 19 18 17 16 15 14 13 12 11 10 9 8 7 6 5 4 3 2 1
1 2 3 4 5 6 7 8 9 10 11 12 13 14 15 16 17 18 19 20
2 3 4 5 1 6 7 8 9 10 11 12 13 14 15 16 17 18 19 20
2 3 4 5 1 6 7 8 9 10 11 12 13 14 15 16 17 18 19 20
2 3 4 5 1 6 7 8 9 10 11 12 13 14 15 16 17 18 19 20
3 4 5 1 2 6 7 8 9 10 11 12 13 14 15 16 17 18 19 20
3 4 5 1 2 6 7 8 9 10 11 12 13 14 15 16 17 18 19 20
1 2 3 4 5 6 7 8 9 10 11 12 13 14 15 16 17 18 19 20
20 19 18 17 16 15 14 13 12 11 10 9 8 7 6 5 4 3 2 1
1 2 3 4 5 6 7 8 9 10 11 12 13 14 15 16 17 18 19 20
20 19 18 17 16 15 14 13 12 11 10 9 8 7 6 5 4 3 2 1
1 2 3 4 5 6 7 8 9 10 11 12 13 14 15 16 17 18 19 20
2 3 4 5 1 6 7 8 9 10 11 12 13 14 15 16 17 18 19 20
2 3 4 5 1 6 7 8 9 10 11 12 13 14 15 16 17 18 19 20
2 3 4 5 1 6 7 8 9 10 11 12 13 14 15 16 17 18 19 20
3 4 5 1 2 6 7 8 9 10 11 12 13 14 15 16 17 18 19 20
3 4 5 1 2 6 7 8 9 10 11 12 13 14 15 16 17 18 19 20
1 2 3 4 5 6 7 8 9 10 11 12 13 14 15 16 17 18 19 20
20 19 18 17 16 15 14 13 12 11 10 9 8 7 6 5 4 3 2 1
1 2 3 4 5 6 7 8 9 10 11 12 13 14 15 16 17 18 19 20
20 19 18 17 16 15 14 13 12 11 10 9 8 7 6 5 4 3 2 1
1 2 3 4 5 6 7 8 9 10 11 12 13 14 15 16 17 18 19 20
2 3 4 5 1 6 7 8 9 10 11 12 13 14 15 16 17 18 19 20
2 3 4 5 1 6 7 8 9 10 11 12 13 14 15 16 17 18 19 20
2 3 4 5 1 6 7 8 9 10 11 12 13 14 15 16 17 18 19 20
3 4 5 1 2 6 7 8 9 10 11 12 13 14 15 16 17 18 19 20
3 4 5 1 2 6 7 8 9 10 11 12 13 14 15 16 17 18 19 20
1 2 3 4 5 6 7 8 9 10 11 12 13 14 15 16 17 18 19 20
20 19 18 17 16 15 14 13 12 11 10 9 8 7 6 5 4 3 2 1
1 2 3 4 5 6 7 8 9 10 11 12 13 14 15 16 17 18 19 20
20 19 18 17 16 15 14 13 12 11 10 9 8 7 6 5 4 3 2 1
1 2 3 4 5 6 7 8 9 10 11 12 13 14 15 16 17 18 19 20
2 3 4 5 1 6 7 8 9 10 11 12 13 14 15 16 17 18 19 20
2 3 4 5 1 6 7 8 9 10 11 12 13 14 15 16 17 18 19 20
2 3 4 5 1 6 7 8 9 10 11 12 13 14 15 16 17 18 19 20
3 4 5 1 2 6 7 8 9 10 11 12 13 14 15 16 17 18 19 20
3 4 5 1 2 6 7 8 9 10 11 12 13 14 15 16 17 18 19 20
1 2 3 4 5 6 7 8 9 10 11 12 13 14 15 16 17 18 19 20
20 19 18 17 16 15 14 13 12 11 10 9 8 7 6 5 4 3 2 1
1 2 3 4 5 6 7 8 9 10 11 12 13 14 15 16 17 18 19 20
20 19 18 17 16 15 14 13 12 11 10 9 8 7 6 5 4 3 2 1
1 2 3 4 5 6 7 8 9 10 11 12 13 14 15 16 17 18 19 20
2 3 4 5 1 6 7 8 9 10 11 12 13 14 15 16 17 18 19 20
2 3 4 5 1 6 7 8 9 10 11 12 13 14 15 16 17 18 19 20
2 3 4 5 1 6 7 8 9 10 11 12 13 14 15 16 17 18 19 20
3 4 5 1 2 6 7 8 9 10 11 12 13 14 15 16 17 18 19 20
3 4 5 1 2 6 7 8 9 10 11 12 13 14 15 16 17 18 19 20
1 2 3 4 5 6 7 8 9 10 11 12 13 14 15 16 17 18 19 20
20 19 18 17 16 15 14 13 12 11 10 9 8 7 6 5 4 3 2 1
1 2 3 4 5 6 7 8 9 10 11 12 13 14 15 16 17 18 19 20
20 19 18 17 16 15 14 13 12 11 10 9 8 7 6 5 4 3 2 1
1 2 3 4 5 6 7 8 9 10 11 12 13 14 15 16 17 18 19 20
2 3 4 5 1 6 7 8 9 10 11 12 13 14 15 16 17 18 19 20
2 3 4 5 1 6 7 8 9 10 11 12 13 14 15 16 17 18 19 20
2 3 4 5 1 6 7 8 9 10 11 12 13 14 15 16 17 18 19 20
3 4 5 1 2 6 7 8 9 10 11 12 13 14 15 16 17 18 19 20
3 4 5 1 2 6 7 8 9 10 11 12 13 14 15 16 17 18 19 20
1 2 3 4 5 6 7 8 9 10 11 12 13 14 15 16 17 18 19 20
20 19 18 17 16 15 14 13 12 11 10 9 8 7 6 5 4 3 2 1
1 2 3 4 5 6 7 8 9 10 11 12 13 14 15 16 17 18 19 20
20 19 18 17 16 15 14 13 12 11 10 9 8 7 6 5 4 3 2 1
1 2 3 4 5 6 7 8 9 10 11 12 13 14 15 16 17 18 19 20
2 3 4 5 1 6 7 8 9 10 11 12 13 14 15 16 17 18 19 20
2 3 4 5 1 6 7 8 9 10 11 12 13 14 15 16 17 18 19 20
2 3 4 5 1 6 7 8 9 10 11 12 13 14 15 16 17 18 19 20
3 4 5 1 2 6 7 8 9 10 11 12 13 14 15 16 17 18 19 20
3 4 5 1 2 6 7 8 9 10 11 12 13 14 15 16 17 18 19 20
1 2 3 4 5 6 7 8 9 10 11 12 13 14 15 16 17 18 19 20
20 19 18 17 16 15 14 13 12 11 10 9 8 7 6 5 4 3 2 1
1 2 3 4 5 6 7 8 9 10 11 12 13 14 15 16 17 18 19 20
20 19 18 17 16 15 14 13 12 11 10 9 8 7 6 5 4 3 2 1
1 2 3 4 5 6 7 8 9 10 11 12 13 14 15 16 17 18 19 20
2 3 4 5 1 6 7 8 9 10 11 12 13 14 15 16 17 18 19 20
2 3 4 5 1 6 7 8 9 10 11 12 13 14 15 16 17 18 19 20
2 3 4 5 1 6 7 8 9 10 11 12 13 14 15 16 17 18 19 20
3 4 5 1 2 6 7 8 9 10 11 12 13 14 15 16 17 18 19 20
3 4 5 1 2 6 7 8 9 10 11 12 13 14 15 16 17 18 19 20
1 2 3 4 5 6 7 8 9 10 11 12 13 14 15 16 17 18 19 20
20 19 18 17 16 15 14 13 12 11 10 9 8 7 6 5 4 3 2 1
1 2 3 4 5 6 7 8 9 10 11 12 13 14 15 16 17 18 19 20
20 19 18 17 16 15 14 13 12 11 10 9 8 7 6 5 4 3 2 1
1 2 3 4 5 6 7 8 9 10 11 12 13 14 15 16 17 18 19 20
2 3 4 5 1 6 7 8 9 10 11 12 13 14 15 16 17 18 19 20
2 3 4 5 1 6 7 8 9 10 11 12 13 14 15 16 17 18 19 20
2 3 4 5 1 6 7 8 9 10 11 12 13 14 15 16 17 18 19 20
3 4 5 1 2 6 7 8 9 10 11 12 13 14 15 16 17 18 19 20
3 4 5 1 2 6 7 8 9 10 11 12 13 14 15 16 17 18 19 20
1 2 3 4 5 6 7 8 9 10 11 12 13 14 15 16 17 18 19 20
20 19 18 17 16 15 14 13 12 11 10 9 8 7 6 5 4 3 2 1
1 2 3 4 5 6 7 8 9 10 11 12 13 14 15 16 17 18 19 20
20 19 18 17 16 15 14 13 12 11 10 9 8 7 6 5 4 3 2 1
1 2 3 4 5 6 7 8 9 10 11 12 13 14 15 16 17 18 19 20
2 3 4 5 1 6 7 8 9 10 11 12 13 14 15 16 17 18 19 20
2 3 4 5 1 6 7 8 9 10 11 12 13 14 15 16 17 18 19 20
2 3 4 5 1 6 7 8 9 10 11 12 13 14 15 16 17 18 19 20
3 4 5 1 2 6 7 8 9 10 11 12 13 14 15 16 17 18 19 20
3 4 5 1 2 6 7 8 9 10 11 12 13 14 15 16 17 18 19 20
1 2 3 4 5 6 7 8 9 10 11 12 13 14 15 16 17 18 19 20
20 19 18 17 16 15 14 13 12 11 10 9 8 7 6 5 4 3 2 1
1 2 3 4 5 6 7 8 9 10 11 12 13 14 15 16 17 18 19 20
20 19 18 17 16 15 14 13 12 11 10 9 8 7 6 5 4 3 2 1
1 2 3 4 5 6 7 8 9 10 11 12 13 14 15 16 17 18 19 20
2 3 4 5 1 6 7 8 9 10 11 12 13 14 15 16 17 18 19 20
2 3 4 5 1 6 7 8 9 10 11 12 13 14 15 16 17 18 19 20
2 3 4 5 1 6 7 8 9 10 11 12 13 14 15 16 17 18 19 20
3 4 5 1 2 6 7 8 9 10 11 12 13 14 15 16 17 18 19 20
3 4 5 1 2 6 7 8 9 10 11 12 13 14 15 16 17 18 19 20
1 2 3 4 5 6 7 8 9 10 11 12 13 14 15 16 17 18 19 20
20 19 18 17 16 15 14 13 12 11 10 9 8 7 6 5 4 3 2 1
1 2 3 4 5 6 7 8 9 10 11 12 13 14 15 16 17 18 19 20
20 19 18 17 16 15 14 13 12 11 10 9 8 7 6 5 4 3 2 1
1 2 3 4 5 6 7 8 9 10 11 12 13 14 15 16 17 18 19 20
2 3 4 5 1 6 7 8 9 10 11 12 13 14 15 16 17 18 19 20
2 3 4 5 1 6 7 8 9 10 11 12 13 14 15 16 17 18 19 20
2 3 4 5 1 6 7 8 9 10 11 12 13 14 15 16 17 18 19 20
3 4 5 1 2 6 7 8 9 10 11 12 13 14 15 16 17 18 19 20
3 4 5 1 2 6 7 8 9 10 11 12 13 14 15 16 17 18 19 20
1 2 3 4 5 6 7 8 9 10 11 12 13 14 15 16 17 18 19 20
20 19 18 17 16 15 14 13 12 11 10 9 8 7 6 5 4 3 2 1
1 2 3 4 5 6 7 8 9 10 11 12 13 14 15 16 17 18 19 20
20 19 18 17 16 15 14 13 12 11 10 9 8 7 6 5 4 3 2 1
1 2 3 4 5 6 7 8 9 10 11 12 13 14 15 16 17 18 19 20
2 3 4 5 1 6 7 8 9 10 11 12 13 14 15 16 17 18 19 20
2 3 4 5 1 6 7 8 9 10 11 12 13 14 15 16 17 18 19 20
2 3 4 5 1 6 7 8 9 10 11 12 13 14 15 16 17 18 19 20
3 4 5 1 2 6 7 8 9 10 11 12 13 14 15 16 17 18 19 20
3 4 5 1 2 6 7 8 9 10 11 12 13 14 15 16 17 18 19 20
1 2 3 4 5 6 7 8 9 10 11 12 13 14 15 16 17 18 19 20
20 19 18 17 16 15 14 13 12 11 10 9 8 7 6 5 4 3 2 1
1 2 3 4 5 6 7 8 9 10 11 12 13 14 15 16 17 18 19 20
20 19 18 17 16 15 14 13 12 11 10 9 8 7 6 5 4 3 2 1
1 2 3 4 5 6 7 8 9 10 11 12 13 14 15 16 17 18 19 20
2 3 4 5 1 6 7 8 9 10 11 12 13 14 15 16 17 18 19 20
2 3 4 5 1 6 7 8 9 10 11 12 13 14 15 16 17 18 19 20
2 3 4 5 1 6 7 8 9 10 11 12 13 14 15 16 17 18 19 20
3 4 5 1 2 6 7 8 9 10 11 12 13 14 15 16 17 18 19 20
3 4 5 1 2 6 7 8 9 10 11 12 13 14 15 16 17 18 19 20
1 2 3 4 5 6 7 8 9 10 11 12 13 14 15 16 17 18 19 20
20 19 18 17 16 15 14 13 12 11 10 9 8 7 6 5 4 3 2 1
1 2 3 4 5 6 7 8 9 10 11 12 13 14 15 16 17 18 19 20
20 19 18 17 16 15 14 13 12 11 10 9 8 7 6 5 4 3 2 1
1 2 3 4 5 6 7 8 9 10 11 12 13 14 15 16 17 18 19 20
2 3 4 5 1 6 7 8 9 10 11 12 13 14 15 16 17 18 19 20
2 3 4 5 1 6 7 8 9 10 11 12 13 14 15 16 17 18 19 20
2 3 4 5 1 6 7 8 9 10 11 12 13 14 15 16 17 18 19 20
3 4 5 1 2 6 7 8 9 10 11 12 13 14 15 16 17 18 19 20
3 4 5 1 2 6 7 8 9 10 11 12 13 14 15 16 17 18 19 20
1 2 3 4 5 6 7 8 9 10 11 12 13 14 15 16 17 18 19 20
20 19 18 17 16 15 14 13 12 11 10 9 8 7 6 5 4 3 2 1
1 2 3 4 5 6 7 8 9 10 11 12 13 14 15 16 17 18 19 20
20 19 18 17 16 15 14 13 12 11 10 9 8 7 6 5 4 3 2 1
1 2 3 4 5 6 7 8 9 10 11 12 13 14 15 16 17 18 19 20
2 3 4 5 1 6 7 8 9 10 11 12 13 14 15 16 17 18 19 20
2 3 4 5 1 6 7 8 9 10 11 12 13 14 15 16 17 18 19 20
2 3 4 5 1 6 7 8 9 10 11 12 13 14 15 16 17 18 19 20
3 4 5 1 2 6 7 8 9 10 11 12 13 14 15 16 17 18 19 20
3 4 5 1 2 6 7 8 9 10 11 12 13 14 15 16 17 18 19 20
1 2 3 4 5 6 7 8 9 10 11 12 13 14 15 16 17 18 19 20
20 19 18 17 16 15 14 13 12 11 10 9 8 7 6 5 4 3 2 1
1 2 3 4 5 6 7 8 9 10 11 12 13 14 15 16 17 18 19 20
20 19 18 17 16 15 14 13 12 11 10 9 8 7 6 5 4 3 2 1
1 2 3 4 5 6 7 8 9 10 11 12 13 14 15 16 17 18 19 20
2 3 4 5 1 6 7 8 9 10 11 12 13 14 15 16 17 18 19 20
2 3 4 5 1 6 7 8 9 10 11 12 13 14 15 16 17 18 19 20
2 3 4 5 1 6 7 8 9 10 11 12 13 14 15 16 17 18 19 20
3 4 5 1 2 6 7 8 9 10 11 12 13 14 15 16 17 18 19 20
3 4 5 1 2 6 7 8 9 10 11 12 13 14 15 16 17 18 19 20

